
1434 4 46406 46663 46680 47176
1446 4 36936 45126 45127 46680
1449 4 22600 45126 45127 47192
1626 2 46424 46646
1638 2 19510 19544
1641 2 46390 46680
1686 1 36952
1689 1 5208
1701 1 51288
2394 4 22598 45127 45128 47158
2406 4 36934 45127 45128 46646
2409 4 46408 46646 46663 47174
2454 3 36935 36936 22598
2457 3 51270 51272 36935
2469 3 36934 36935 22600
2646 1 51254
2649 1 5174
2661 1 36918
4458 4 59495 19527 5192 46149
4518 4 22599 45125 45128 47207
4521 4 22599 45125 45128 46695
4698 2 46439 46629
4710 1 5223
4758 2 36967 46373
4761 2 19493 19559
4773 1 51303
5226 5 59444 59476 5208 46183 47204
5274 5 59428 46424 46692 46695 47188
5286 5 59492 19476 45144 45159 46676
5289 5 59476 19460 45144 45159 46692
5418 6 59480 59495 5191 5192 46147 47203
5514 6 59480 19559 5191 5192 46402 47186
5538 5 8295 33880 45121 5191 5192
5544 5 8280 33895 45120 5191 5192
5658 3 46691 46695 46680
5670 3 45144 5223 46691
5673 4 46439 46691 46595 46680
5706 3 5208 46674 46695
5730 2 5208 46695
5736 3 46384 46424 46695
5766 4 36967 46424 46674 46610
5769 3 45159 5208 46674
5778 3 36967 46369 46680
5784 2 56423 46680
5793 3 51288 36967 45057
5796 3 51303 36952 45072
6234 4 33828 45159 46692 47156
6246 4 33812 59492 45159 46644
6294 4 36967 33892 46628 47124
6297 4 36967 59492 45092 47108
6309 4 36967 33892 59412 46596
6438 5 36931 22599 59491 45128 47207
6441 6 19459 46183 46408 46407 46691 47171
6474 4 22594 33895 33863 5192
6498 4 36929 8295 33863 5192
6504 5 33863 19559 5192 46640 47168
6534 5 36936 22594 22599 47122 47207
6537 4 51266 8263 8264 5223
6561 5 36929 22600 33863 46593 46695
6564 5 36928 36936 22599 59408 47207
6678 2 51303 36963
6681 3 36867 36963 19559
6693 3 36867 36967 33891
6726 2 51218 51303
6738 2 36897 36967
6744 2 45159 5168
6756 3 36912 36967 47120
8538 4 22597 45127 45128 47141
8550 3 51269 51271 36936
8553 3 36935 36936 22597
8601 4 22597 45127 45128 46629
8613 3 36933 36936 22599
8790 1 5157
8793 1 51237
9306 4 45144 46644 46676 47140
9318 4 36952 59476 45108 47124
9321 4 36952 22612 46644 47108
9369 4 51204 59476 45144 46628
9381 4 36952 22612 59396 46612
9498 4 22595 46663 46680 47176
9510 4 51267 36935 36936 5208
9513 5 36935 22595 22600 47107 47192
9609 5 22594 22600 59474 45127 47192
9624 4 51271 51288 22592 47176
9633 5 36929 36935 22600 59393 47192
9636 5 36928 36936 22599 46608 46680
9750 1 33880
9753 2 51203 51288
9798 3 36882 36946 19544
9801 2 51288 36946
9810 2 45144 5153
9816 2 36912 36952
9861 3 46354 46680 47186
9873 3 33793 46625 46680
9876 2 8280 46352
10326 3 36900 33844 45076
10329 3 36916 33828 45060
10341 3 8196 33844 33812
10518 3 36931 36935 36936
10521 4 36931 19527 45059 45128
10533 4 36935 22600 8195 33859
10566 4 36930 19528 45074 45127
10569 3 36930 36935 8264
10578 4 36897 36929 59464 19527
10584 4 36912 36928 59463 19528
10593 4 36935 22600 8193 33857
10596 5 36936 22599 33856 33840 33808
10629 4 36936 22599 46610 47170
10641 5 36935 36897 22600 22529 47169
10644 4 22599 33864 46608 47168
10821 1 8210
10833 2 33825 30721
10836 2 8208 47152
16746 6 33846 59510 59512 19526 5192 46149
16794 6 19493 46150 46408 46661 46712 47222
16809 5 22598 22600 59510 45125 47224
16986 4 46456 46710 46629 46646
16998 3 36918 36982 19576
17001 3 46134 46712 47222
17046 3 36901 36984 46710
17049 3 45093 5240 46710
17061 2 51320 36982
17514 7 59444 59476 5174 5208 46198 46200 47220
17562 6 19492 46164 46454 46424 46708 47224
17574 6 36984 22616 8212 59508 45174 47188
17577 6 22616 22648 33796 45174 46676 46708
17706 6 33880 59510 59512 19528 5190 46147
17802 7 33880 33864 59510 19576 5190 46162 46658
17826 6 33864 33880 33912 19574 45121 5190
17832 6 33864 33880 33912 19574 45120 5190
17946 3 46168 46710 47224
17958 3 36952 36984 19574
17961 4 46454 46712 46595 46680
17994 5 5208 46418 46390 46710 46712
18018 4 5174 5208 46710 46712
18024 5 5174 46384 46424 46710 46712
18054 5 36882 36946 36952 36984 46454
18057 4 36952 36984 19538 19574
18066 4 36897 8280 46710 47224
18072 3 33880 46710 47224
18081 4 51201 51288 51320 45174
18084 4 51288 36880 36984 45174
18522 6 22582 22646 33828 45176 46644 46708
18534 6 36982 22582 8212 59508 45176 47156
18537 6 19460 46132 46456 46390 46708 47222
18582 5 36984 22646 33908 46612 47140
18585 5 51318 51320 59508 5124 5156
18597 5 36982 22648 33908 46612 47108
18714 5 22598 22600 59512 45123 47222
18729 6 19459 46152 46406 46659 46710 47224
18762 6 33846 33862 33910 19576 45122 5192
18786 6 33846 33862 33910 19576 45121 5192
18792 7 33846 33862 59512 19574 5192 46128 46656
18825 5 36930 8262 8264 45174 47224
18834 6 36929 36934 33864 59512 47137 47222
18840 5 36928 8262 8264 45176 47222
18849 6 36929 36936 33862 59510 47105 47224
18966 2 51318 36984
18969 3 45059 5238 46712
18981 3 36867 36982 46712
19014 4 51254 36882 36982 45176
19017 3 33846 46712 47222
19026 4 51233 51254 51318 45176
19032 4 36918 36982 19504 19576
19041 4 36865 8246 46712 47222
19044 5 36880 36912 36918 36982 46456
20586 4 33844 59492 59508 5240
20634 5 59428 5157 46180 46456 47220
20646 4 33812 45176 46708 47204
20649 4 33796 59508 45176 46692
20778 5 59491 59512 19523 45128 5189
20874 4 59512 19528 5189 46146
20898 4 22593 33912 33864 5189
20904 4 22592 8312 33864 5189
21018 3 46435 46373 46712
21030 2 45176 5219
21033 3 33795 46691 46712
21066 1 5240
21090 1 5240
21096 2 46128 46456
21126 2 46456 46610
21129 1 5240
21138 3 5157 46625 46712
21144 2 5157 46712
21153 2 51201 51320
21156 2 36880 36984
21546 6 33876 59492 59508 45144 5240 46179
21642 6 59476 59508 19544 19556 5240 46162
21666 5 8292 33876 33880 19572 5240
21672 5 33892 33876 33880 19572 5240
22026 4 59480 46456 46674 46691
22050 3 45144 5240 46691
22056 3 59480 5240 46691
22146 3 33880 5240 46674
22152 3 33880 5240 46674
22176 2 33880 45176
22554 5 33828 45155 45176 46692 47220
22566 5 33812 45155 45176 46708 47204
22569 6 33796 33795 46180 46456 46691 46708
22602 4 33892 33844 33908 5240
22626 4 8292 33844 33908 5240
22632 5 33844 19556 19572 5240 46384
22662 5 36882 36984 33812 46708 47204
22665 4 8312 33796 45172 5220
22674 5 22561 22648 33828 46692 47220
22680 4 8312 33828 5220 47220
22689 5 22529 22648 33796 59508 46692
22692 5 36984 33808 33812 46708 47204
22794 5 22594 8312 33891 33859 33864
22818 5 22593 8291 33912 33859 33864
22824 5 33859 59512 19528 19555 46400
22914 4 36930 22593 8312 33864
22920 4 8256 8258 8312 33864
22944 4 22593 8312 33856 33864
23046 3 51218 51299 36984
23049 3 33795 56419 46712
23058 3 51233 51320 36963
23064 2 45155 5240
23073 4 36865 36963 33795 46712
23076 3 36963 8208 46456
23106 1 45176
23112 2 33840 5240
23136 2 8240 5240
24666 5 59428 19508 45093 45176 46708
24678 4 36984 59508 45076 47156
24681 4 36984 22644 59396 46644
24729 5 36868 59508 45093 45176 46628
24741 4 36984 22644 46612 47108
24858 5 22600 8229 45123 46661 46712
24873 5 36931 36933 22600 59395 47224
24906 4 33864 45122 45125 46712
24930 4 51265 8261 8264 5240
24936 5 36928 22597 33864 46640 46712
24969 4 22600 45122 45125 47224
24984 5 51269 51320 8229 8264 45120
24993 5 36933 22593 22600 47105 47224
25110 2 22565 33912
25113 3 51320 36901 45059
25158 2 19474 19576
25161 1 51320
25170 3 45176 5157 46625
25176 3 51237 36984 45104
25221 2 46354 46712
25233 4 36865 46373 46625 46712
25236 3 36901 8312 46352
25626 5 22616 8228 19540 46708 47224
25638 5 36952 36984 8212 45172 47188
25641 6 22531 22616 22648 8196 46676 46708
25674 6 22648 8244 33880 59476 45138 47220
25698 5 8280 8312 8244 45140 47220
25704 6 36912 36984 8244 33880 59476 47220
25737 6 22616 22648 8196 45138 46676 46708
25752 5 51316 36948 8228 8280 47224
25761 6 22529 22616 22648 8196 46676 46708
25764 6 36880 36952 36984 8212 59508 47188
25866 6 33864 33880 33912 19538 45123 46658
25890 5 36929 8259 33864 33880 33912
25896 5 36928 22595 33864 33912 33880
25992 6 51266 36946 33864 33880 33912 45120
26016 5 36928 22593 33864 33880 33912
26118 4 51218 51320 22610 22616
26121 4 51203 51288 51320 45138
26130 3 22561 33880 47224
26136 2 8280 47224
26178 3 36952 36984 19538
26184 4 51320 36912 36952 45138
26241 4 36865 46418 46680 46712
26244 5 36882 36946 36952 36984 46352
26256 3 36897 36952 47224
26646 4 36984 33908 5140 47140
26649 5 36980 59395 45060 45176 5156
26661 5 22531 22648 33908 46612 47108
26694 5 36884 36980 19474 19576 47156
26697 4 8312 33908 45060 5172
26706 5 36900 59512 45089 45172 5172
26712 5 19504 19576 45092 45108 45172
26721 5 22529 22648 33908 59396 46644
26724 6 36880 36912 36984 8308 59412 47156
26757 5 36882 36984 36980 46612 47108
26769 6 22529 22561 22648 46596 46628 46708
26772 5 36880 22644 33912 46612 47140
26889 5 36931 8264 19522 45059 47224
26898 5 36929 36936 19523 45176 47137
26904 4 36936 36984 59459 19520
26913 6 36929 36931 36936 59395 47105 47224
26946 4 36936 19522 45121 45176
26952 5 36928 8264 59458 5168 5240
26976 5 36928 22593 33864 46640 46712
27009 5 36930 22593 22600 47105 47224
27024 5 36928 36936 22593 59512 47137
27141 3 51203 51320 36882
27153 4 51201 51233 51320 45059
27156 2 36880 36984
27201 2 51201 51320
27204 4 51248 36880 36984 45074
27216 3 51233 36912 45176
33114 5 36936 22597 22598 47141 47158
33126 4 36934 19528 45110 45125
33129 4 36936 22597 46646 47174
33174 4 22598 8229 8264 33861
33177 4 51270 8261 8264 5157
33189 3 36933 36934 8264
33366 2 51237 51254
33381 1 8246
33882 5 36918 36952 36916 46676 47140
33894 5 36916 36948 19510 19544 47124
33897 5 36918 36952 36948 46644 47108
33942 4 8228 8280 33812 33876
33945 4 22532 8280 45140 5156
33957 4 8280 33876 45060 5140
34074 4 36934 22595 46680 47176
34086 4 36936 19526 45123 45144
34089 5 36934 22595 22600 47107 47192
34182 6 51272 36952 33810 33858 33874 45126
34185 5 36934 8258 8264 45138 47192
34194 5 51288 22598 8225 33857 47176
34200 4 8256 8262 46680 47176
34209 5 36929 8264 19526 45057 47192
34212 5 36928 36936 59462 5136 5208
34326 1 8280
34341 2 51203 51288
34374 4 51218 36918 36946 45144
34386 3 51233 51254 36952
34401 3 51201 51288 36918
34404 4 51216 36912 36952 45110
34437 3 33810 46680 47186
34449 3 33793 56353 46680
34452 2 33808 33880
34902 4 8246 33844 45092 5140
34905 4 22564 8246 45108 5124
34917 4 8196 8246 33812 33844
35094 3 36931 36936 8262
35097 4 51272 8259 8262 5123
35109 4 22600 8195 8262 33859
35142 5 36930 36934 59464 5138 5174
35145 4 8258 8264 46646 47174
35154 5 36929 8262 19528 45089 47158
35160 5 36936 8256 8262 45104 47158
35169 5 51254 22600 8193 33857 47174
35172 6 51270 36918 33808 33840 33856 45128
35205 4 8262 8264 46610 47170
35217 5 22529 22561 8262 8264 47169
35220 4 8262 8264 46608 47168
35397 2 33810 33846
35409 3 33825 56321 46646
35412 3 33808 46646 47152
36954 4 36901 33828 46692 47156
36966 3 36964 33812 45108
37014 4 33892 45093 46628 47124
37017 4 36901 59428 45156 47108
37029 3 36884 33892 45060
37158 4 36931 36963 59464 19525
37161 5 36933 36963 22600 22531 47171
37194 3 36933 22594 33864
37218 3 36929 8261 8264
37224 4 22597 33864 46640 47168
37254 4 22594 45125 45128 47122
37257 3 51266 51272 36933
37281 4 36929 19525 45057 45128
37284 4 36880 36928 59461 19528
37398 2 36901 36963
37413 2 33891 30723
37446 1 51218
37458 2 51237 36897
37476 2 8240 47120
37509 1 5138
37521 3 36865 36897 19493
37524 2 45093 5136
37914 5 36964 22616 22627 46628 47188
37926 5 36964 59480 45140 45155 5140
37929 6 22531 22616 22627 46596 46676 46692
37962 5 22610 33880 33876 46644 47204
37986 4 8280 33876 5172 47204
37992 5 36912 22612 33880 46644 47204
38022 6 22546 22610 8292 45144 46612 46676
38025 5 51282 51288 59476 5124 5220
38034 5 33892 45089 45144 46628 47188
38040 4 22628 8280 5156 47188
38049 5 36948 59393 45060 45144 5220
38052 5 19472 19544 45076 45140 45156
38154 6 36930 36931 33864 59480 47186 47203
38178 5 8259 8264 19521 45144 47203
38184 5 36928 22595 33864 59480 47203
38274 5 22594 33864 59480 45121 47186
38280 5 36928 8258 8264 45144 47186
38304 4 36936 36952 59457 19520
38406 4 51218 51282 51299 45144
38418 3 51288 51299 36897
38433 4 51203 51288 51299 45057
38436 3 51299 36880 45144
38466 2 51282 36952
38496 2 36912 36952
38529 3 45057 5202 46680
38532 4 36882 36946 19472 19544
38544 2 45089 5208
38934 4 36963 33892 5156 47124
38937 5 8195 8291 45156 46628 47108
38949 5 51203 51220 36868 33891 33892
38982 4 8210 33812 45156 5172
38994 4 36897 33828 5220 47156
39000 4 22564 8240 5220 47156
39012 5 51220 36916 8240 8292 47120
39045 4 22628 8210 45076 5124
39057 5 8193 8225 45092 46692 47108
39060 4 22628 8208 5156 47124
39174 5 36931 8258 19528 45155 47122
39177 5 22531 22627 8258 8264 47171
39201 6 51203 36865 8257 33891 45128 47171
39204 5 51216 51267 8256 8291 45128
39234 3 36929 36936 8258
39240 4 8258 8264 46640 47168
39264 4 51248 51265 33864 47168
39297 4 51272 8257 8258 5121
39300 5 36936 8256 8258 45072 47122
39429 3 33891 56323 46610
39441 4 33825 33891 46593 46595
39444 2 56419 46608
39492 3 33840 46610 47120
39504 2 56353 46640
41046 4 33844 59428 45093 46612
41049 4 36901 33828 59444 46596
41061 3 8196 33812 33844
41238 4 36931 22600 8229 33861
41241 5 36931 22600 33861 46595 46629
41253 4 36933 22600 8195 33859
41286 4 36930 45125 45128 46610
41289 3 36930 36933 22600
41298 5 36929 22597 59425 45128 47141
41304 5 36928 36936 22597 59440 47141
41313 4 36933 22600 8193 33857
41316 5 36936 22597 33856 33808 33840
41349 4 46408 46610 46661 47170
41361 6 33793 46117 46408 46405 46625 47169
41364 5 33861 46117 46408 46608 47168
41541 1 36882
41553 3 36865 36901 33825
41556 3 36880 36901 47152
42006 4 22616 8228 33876 33812
42009 5 22531 22616 22532 59476 46628
42021 5 22531 22616 33876 59396 46612
42054 6 36946 22546 8244 59476 45144 47124
42057 5 36946 22616 33876 46644 47108
42066 5 33844 45089 45144 46676 47140
42072 5 36952 22580 33840 46676 47140
42081 5 22529 22616 33876 46644 47108
42084 6 36880 36912 36952 8276 59444 47124
42117 6 46084 46100 46424 46354 46676 47186
42129 6 33793 33796 46116 46424 46625 46676
42132 5 33812 33876 46116 46352 46424
42246 6 33858 33874 33810 19544 45123 46664
42249 6 36931 36936 33858 59474 47107 47192
42258 5 22595 8225 33857 46680 47176
42264 4 22595 33856 46680 47176
42273 6 36929 36931 36936 59393 47107 47192
42276 5 36928 36936 22595 46608 46680
42369 6 46081 46408 46402 46657 46674 47192
42372 7 33858 33810 33874 46096 46168 46656 46664
42384 5 33857 46113 46400 46680 47176
42501 4 36867 8210 46680 47186
42513 4 36867 36897 33793 46680
42516 2 8208 46424
42561 3 36865 36946 46680
42564 5 36880 36882 36912 36946 46424
42576 3 36897 8240 46424
43077 4 8196 8210 33812 33844
43089 5 51201 51252 36868 33825 33828
43092 5 51252 36884 8208 8228 47152
43269 5 51218 22600 8195 33859 47170
43281 6 51201 36867 8259 33825 45128 47169
43284 4 51216 51267 22600 47168
43329 4 22600 8193 8258 33857
43332 6 51266 36882 33808 33840 33856 45128
43344 5 51248 51265 8225 8256 45128
65898 6 59446 59527 5190 5191 46149 47237
65946 6 19493 46215 46406 46407 46725 47173
65958 5 36933 22599 59525 45126 47239
66138 4 46471 46725 46629 46646
66150 3 45110 5255 46725
66153 3 46725 46727 46646
66198 3 36901 36999 33925
66201 3 36901 36997 19591
66213 2 51335 36997
66666 5 59444 59476 5174 46215 47236
66726 4 33812 59524 45191 46676
66729 4 33796 45191 46724 47188
66858 4 59527 19527 5190 46147
66954 5 33863 19591 5190 46674 47170
66978 4 36929 8327 33863 5190
66984 4 22592 33927 33863 5190
67110 1 5255
67113 2 46471 46595
67146 3 46418 46390 46727
67170 2 5174 46727
67176 3 5174 46640 46727
67206 3 36946 36999 47122
67209 2 45191 5202
67233 2 36865 36999
67236 2 51216 51335
67674 5 59444 19492 45110 45191 46724
67686 5 59524 19476 45110 45191 46644
67689 5 59396 46390 46724 46727 47156
67734 4 36999 33924 59412 46628
67737 4 36999 59524 45060 47140
67749 4 36999 33924 46596 47124
67866 4 22599 45123 45126 46727
67878 4 22599 45123 45126 47239
67914 5 8246 33927 45122 5190 5191
67938 5 8327 33846 45121 5190 5191
67944 6 59446 19591 5190 5191 46400 47152
67974 5 36930 36934 22599 59410 47239
67986 5 36929 22598 33863 46625 46727
67992 4 51264 8262 8263 5255
68004 5 36934 22592 22599 47120 47239
68118 1 51335
68121 2 19459 19591
68133 2 36999 46339
68166 3 51335 36918 45074
68169 2 56455 46646
68178 3 51254 36999 45089
68184 3 45191 5174 46640
68193 3 36999 46337 46646
68196 4 36999 46390 46640 46608
69738 6 59444 59492 59524 19591 5223 46213
69786 7 59428 5157 46215 46469 46439 46692 47236
69798 6 22631 22663 33812 45189 46692 46724
69801 6 22631 22663 8196 59524 45189 47204
69930 7 33895 33927 59491 59525 45127 5187 5189
70026 6 33895 59525 59527 19527 5189 46402
70050 6 33863 33895 33927 19589 45121 5189
70056 6 33863 33895 33927 19589 45120 5189
70170 5 46183 46435 46373 46725 46727
70182 4 36967 36999 19555 19589
70185 5 46215 46469 46339 46691 46695
70218 3 33927 5223 46725
70242 3 33927 5223 46725
70248 4 33927 46439 46640 46725
70278 4 36967 46469 46727 46610
70281 3 36967 36999 19589
70290 5 8295 5157 46369 46725 46727
70296 4 33895 5157 46725 46727
70305 4 51303 36865 36999 45189
70308 4 51216 51303 51335 45189
70698 6 59476 59492 59524 19559 5255 46179
70794 6 33895 59476 59524 19556 5255 46418
70818 5 33876 33892 33895 19588 5255
70824 5 8276 33892 33895 19588 5255
71178 4 33895 46471 46674 46691
71202 3 33895 5255 46691
71208 3 33895 5255 46691
71298 3 33895 5255 46674
71304 3 33895 5255 46674
71328 2 33895 45191
71706 6 22631 22663 8228 59492 45155 47236
71718 6 22631 22663 33812 45155 46692 46724
71721 7 59396 5123 46183 46435 46471 46724 47204
71754 5 8244 33924 33927 19556 5223
71778 5 33844 33924 33927 19556 5223
71784 6 33927 59444 59492 19588 5223 46384
71814 6 22546 22631 22663 8212 46692 46724
71817 5 8295 8327 8196 45188 47204
71826 6 36897 36999 8228 33895 59492 47236
71832 5 8295 8327 8228 45156 47236
71841 6 36865 36967 8196 33927 59524 47204
71844 6 22544 22631 22663 8212 46692 46724
71946 6 33863 33895 33927 19555 45122 5187
71970 6 33863 33895 33927 19555 45121 5187
71976 6 33927 59491 59495 19527 5187 46400
72066 5 36929 22594 33863 33927 33895
72072 5 8256 8258 33863 33895 33927
72096 5 36929 22592 33863 33895 33927
72198 4 51218 51303 51335 45155
72201 4 33927 5123 46691 46695
72210 4 51335 36897 36967 45155
72216 3 36967 36999 19555
72225 5 8327 5123 46337 46691 46695
72228 4 36999 46435 46695 46608
72258 2 33927 45159
72264 3 33927 5223 46640
72288 3 33927 5223 46640
73818 6 22565 22661 45191 46628 46644 46724
73830 5 51333 51335 59524 5140 5172
73833 5 36999 22661 22660 46596 47156
73881 6 51204 22565 22661 59524 45191 47140
73893 5 36997 22663 22660 46596 47124
74010 6 22599 33829 19591 45123 46725 47173
74022 5 36931 36933 36935 45189 47239
74058 5 22597 33863 59527 45122 47237
74082 5 36929 8261 8263 45191 47237
74088 6 36928 36933 33863 59527 47152 47237
74136 6 51333 36999 8263 33829 45120 47173
74148 6 36928 36933 36935 59525 47120 47239
74262 3 51237 22663 33925
74265 4 51237 36867 36997 45191
74310 3 45074 5253 46727
74313 2 51333 36999
74322 4 36901 36997 19489 19591
74328 4 51237 51248 51333 45191
74373 3 46727 46725 46610
74385 5 8193 46471 46469 46625 46629
74388 4 36901 36999 33925 46608
74790 4 36999 33812 45188 5204
74793 5 36867 36999 33796 46724 47188
74826 5 33844 45138 45191 46676 47236
74850 4 8327 33844 5204 47236
74856 5 22576 22663 33844 46676 47236
74889 5 33796 45138 45191 46724 47188
74913 5 36865 36999 33796 46724 47188
74916 5 22544 22663 33812 59524 46676
75018 5 22595 8327 33863 46674 47170
75042 4 36929 8259 8327 33863
75048 4 36931 22592 8327 33863
75144 5 51282 22592 8327 33863 47170
75168 4 36929 22592 8327 33863
75270 3 22663 33874 47122
75273 3 51203 51282 36999
75330 2 45138 5255
75336 3 51248 51335 36946
75393 3 36865 46471 46674
75396 4 36999 8274 46608 47122
75798 4 36999 33924 45076 5156
75801 5 36868 36996 19459 19591 47140
75813 5 36867 36999 33924 46596 47124
75846 5 36996 59410 45076 45191 5172
75849 4 36999 33924 5124 47156
75858 5 19489 19591 45092 45108 45188
75864 5 36916 59527 45104 45188 5156
75873 5 36865 36999 33924 46596 47156
75876 6 22544 22576 22663 8324 46612 46644
75909 5 36996 22546 22663 46596 47124
75921 6 36897 36999 33793 59396 46724 47140
75924 5 22544 22663 22660 59412 46628
76038 5 36930 36935 19523 45074 47239
76050 5 36929 36935 59459 5153 5255
76056 4 36935 19523 45120 45191
76068 5 36931 22592 22599 47120 47239
76098 4 36935 36999 59458 19521
76104 5 8256 8263 19522 45191 47152
76128 5 36929 22592 33863 59527 47152
76164 6 36928 36935 33858 59410 47120 47239
76176 5 36935 22592 33857 46625 46727
76293 3 51218 51335 36867
76305 4 51233 36865 36999 45059
76308 2 51216 51335
76353 2 36865 36999
76356 4 51216 51248 51335 45074
76368 3 51248 36897 45191
82026 6 33844 59508 59524 45110 5238 46213
82074 6 33828 33829 46212 46454 46708 46725
82086 5 33812 45174 45189 46708 47236
82089 5 33796 45174 45189 46724 47220
82218 5 59510 59525 19525 45126 5187
82314 5 33861 59510 19526 19589 46402
82338 5 22593 8325 33910 33861 33862
82344 5 22592 8310 33925 33861 33862
82458 3 33829 46725 46710
82470 2 45174 5253
82473 3 46469 46339 46710
82506 3 59446 5238 46725
82530 3 45110 5238 46725
82536 4 59446 46454 46640 46725
82566 3 36997 8210 46454
82569 2 45189 5238
82578 4 36897 36997 33829 46710
82584 3 33829 56453 46710
82593 3 51201 51318 36997
82596 3 51216 51333 36982
82986 4 33876 59508 59524 5238
83082 5 33876 19572 19588 5238 46418
83106 4 8324 33876 33908 5238
83112 4 33924 33876 33908 5238
83466 2 46162 46454
83490 1 5238
83496 1 5238
83586 2 8274 5238
83592 2 33874 5238
83616 1 45174
83994 4 33828 59508 45174 46724
84006 4 33812 45174 46708 47236
84009 5 59396 5123 46212 46454 47220
84042 5 33924 33844 33846 19572 5238
84066 5 8324 33844 33846 19572 5238
84072 6 59444 59508 19510 19588 5238 46128
84102 5 36982 33810 33812 46708 47236
84105 4 8310 33796 5252 47220
84114 5 22561 22646 33828 59508 46724
84120 4 8310 33828 45172 5252
84129 5 22529 22646 33796 46724 47220
84132 5 36880 36982 33812 46708 47236
84234 4 22594 8310 33862 5187
84258 4 22593 33910 33862 5187
84264 4 59510 19526 5187 46144
84354 4 22593 8310 33858 33862
84360 4 8256 8258 8310 33862
84384 4 36928 22593 8310 33862
84486 2 36882 36982
84489 2 5123 46710
84498 2 51233 51318
84504 1 5238
84513 3 5123 46593 46710
84516 2 46454 46608
84546 2 33846 45174
84552 3 33846 5238 46640
84576 3 33846 5238 46640
86058 5 33892 33924 59508 5219 5253
86154 4 33892 59508 59524 5253
86178 4 33908 33892 33924 5253
86184 4 8308 33892 33924 5253
86538 2 5219 46469
86562 2 5219 5253
86568 2 5253 46435
86658 1 5253
86664 1 5253
86688 1 45189
88074 4 8308 33892 33924 5219
88098 4 33908 33892 33924 5219
88104 4 33924 59492 59508 5219
88194 3 8308 33924 33892
88200 3 8308 33892 33924
88224 3 8308 33892 33924
88578 1 45155
88584 1 5219
88608 1 5219
90138 5 33829 33828 19588 46708 46725
90150 4 36997 33812 5236 47236
90153 5 36997 33795 33796 46724 47220
90186 4 33844 59524 45189 46708
90210 4 8325 33844 45188 5236
90216 5 22576 22661 33844 59524 46708
90249 4 33796 45189 46724 47220
90264 5 51316 51333 36996 33828 33829
90273 5 36865 36997 33796 46724 47220
90276 5 22544 22661 33812 46708 47236
90378 4 22594 8325 33859 33861
90402 4 36929 8259 8325 33861
90408 4 22592 8325 33859 33861
90504 4 22592 8258 8325 33861
90528 4 36929 22592 8325 33861
90630 2 22661 33810
90633 2 36867 36997
90642 3 51333 22561 33829
90648 2 33829 30853
90690 1 5253
90696 2 51248 51333
90753 2 36865 46469
90756 3 36882 36997 46608
90768 3 36897 36997 33829
91146 4 22610 8324 33876 33908
91170 3 8324 33876 33908
91176 3 8324 33908 33876
91272 4 8274 8324 33876 33908
91296 3 8324 33876 33908
91650 1 33874
91656 1 8274
91776 1 36946
92166 4 36882 33812 5236 47236
92169 4 8195 33796 5252 47220
92178 4 36897 33828 45172 5252
92184 3 36980 33828 45188
92193 5 22529 33795 33796 46724 47220
92196 4 36880 33812 46708 47236
92226 3 36996 33844 45172
92232 4 8240 33844 45188 5236
92256 4 36912 33844 59524 46708
92289 4 36865 33796 46724 47220
92292 5 36882 22544 33812 46708 47236
92304 4 36897 33828 59508 46724
92418 3 36929 36930 36931
92424 3 36930 8256 8259
92448 3 36928 22593 33859
92544 3 36929 36930 22592
92673 2 51201 36867
92676 2 51216 36882
92688 1 51233
92736 1 51248
98394 6 22565 22582 22661 46628 46644 46724
98406 5 36996 59446 45108 45189 5140
98409 5 36996 22582 22661 46596 47156
98454 5 51220 51237 36900 33924 33925
98457 5 8229 8325 45188 46596 47140
98469 4 36997 33924 5124 47124
98586 5 36931 36997 22598 22565 47173
98598 4 36933 36997 59462 19523
98634 5 36930 22597 33862 59446 47237
98658 5 8261 8262 19521 45110 47237
98664 6 36928 36933 33862 59446 47152 47237
98694 5 51218 51269 8258 8325 45126
98706 6 51237 36897 8257 33925 45126 47173
98712 5 22565 22661 8256 8262 47173
98724 5 36933 8256 19526 45189 47120
98838 2 33925 30757
98853 2 36867 36997
98886 3 51333 36882 45110
98898 4 51237 51254 51333 45089
98913 3 51254 51333 36865
98916 4 51216 51248 51333 45110
98949 2 56453 46610
98961 4 33793 33925 46625 46629
98964 3 33925 56357 46608
99366 3 36996 33812 45140
99369 4 36867 33796 46724 47188
99402 5 36946 22580 33846 46676 47236
99426 4 8246 33844 5204 47236
99432 5 22576 33846 33844 46676 47236
99462 5 51220 36948 8274 8324 47122
99465 4 22532 8274 5252 47188
99489 4 36865 33796 5252 47188
99492 4 8208 33812 45188 5204
99594 4 22595 33862 46674 47170
99618 3 36929 8259 8262
99624 3 36931 22592 33862
99714 4 51265 51282 33862 47170
99720 4 8256 8262 46674 47170
99744 3 36929 36934 8256
99846 2 8274 47122
99873 2 51203 36865
99876 1 51216
99906 2 36918 36946
99936 2 51248 36918
99969 2 56321 46674
99972 3 33874 46608 47122
100374 3 36884 33924 45092
100377 4 36867 59396 45188 47140
100389 4 33924 45059 46596 47124
100422 5 19474 19510 45076 45108 45188
100425 4 22660 8246 5124 47156
100434 5 36916 59425 45092 45110 5252
100440 5 51248 51254 59444 5156 5252
100449 5 33924 45057 45110 46596 47156
100452 6 22544 22576 8324 45110 46612 46644
100485 4 22660 8210 5124 47124
100497 5 8193 8225 45060 46724 47140
100500 4 22660 8208 45076 5156
100614 4 36882 36930 59459 19526
100626 4 36929 19523 45089 45126
100632 3 51264 51270 36931
100644 4 22592 45123 45126 47120
100674 4 36918 36934 59457 19522
100680 5 36930 8256 8262 45110 47152
100704 5 22592 33862 59446 45121 47152
100740 5 36934 8256 8258 45074 47120
100752 4 51270 8256 8257 5153
100869 2 45059 5138
100881 3 36865 36897 19459
100884 1 5136
100929 2 45057 5174
100932 4 36880 36912 19474 19510
100944 3 45089 5168 46646
102426 6 36963 36997 33829 59428 46692 47236
102438 5 19555 19589 45076 45156 45188
102441 6 36963 36997 33795 59396 46724 47204
102474 4 36997 33924 59444 46692
102498 4 8325 33924 45108 5220
102504 5 22576 22661 22660 59444 46692
102534 5 36964 59412 45074 45189 46724
102537 4 36997 59524 45060 47204
102546 6 51300 22661 33829 59428 45089 47236
102552 5 8229 8325 45092 46692 47236
102561 5 36868 36996 19457 19589 47204
102564 5 36884 59525 45072 45188 5220
102666 5 22594 33859 33861 46691 46725
102690 5 8259 8261 59457 5219 5253
102696 5 22592 33859 33861 46691 46725
102786 4 33861 45121 45122 46725
102792 4 51264 8258 8261 5253
102816 4 36933 19521 45120 45189
102918 3 51218 36997 45155
102930 4 51333 36901 36963 45089
102945 4 51299 36867 36997 45057
102948 3 51216 36963 45189
102978 1 51333
103008 2 51248 51333
103041 2 19457 19589
103044 3 45189 5138 46608
103056 3 36901 36997 19489
103434 5 22610 22627 22628 59476 46724
103458 4 8291 33892 45140 5252
103464 4 36963 33892 59476 46724
103554 4 51300 59476 45138 46724
103560 4 22628 8274 45140 5252
103584 3 36948 33892 45188
103938 2 51282 51299
103968 1 51299
104064 1 5202
104454 5 36884 59491 45074 45156 5252
104457 5 8195 8291 45060 46724 47204
104466 5 36900 36964 19489 19555 47236
104472 4 36963 59492 45092 47236
104481 6 51332 22627 33795 59396 45057 47204
104484 5 36996 59412 45072 45155 46692
104514 3 36916 33924 45156
104520 4 22660 8240 45108 5220
104544 4 51332 59444 45104 46692
104577 4 36865 59396 45188 47204
104580 5 51216 51218 59412 5220 5252
104592 4 36897 59428 45156 47236
104706 4 36931 19521 45122 45155
104712 4 51266 8256 8259 5219
104736 4 33859 45120 45121 46691
104832 3 51264 51266 36929
104961 3 36867 36963 19457
104964 3 45155 5136 46610
104976 2 19489 19555
105024 1 5168
106518 5 33925 33924 19492 46612 46629
106521 6 36867 36901 33925 59524 46596 47140
106533 5 36867 36997 33924 46596 47124
106566 5 59524 19508 45074 45189 46612
106569 4 36997 33924 46596 47156
106578 6 22565 22661 45089 46628 46644 46724
106584 6 22565 22576 22661 46628 46644 46724
106593 5 36865 36997 33924 46596 47156
106596 6 22544 22576 22661 8324 46612 46644
106629 5 46084 46354 46724 46725 47124
106641 7 46369 46373 46337 46469 46596 46724 47140
106644 6 33925 33924 46116 46352 46612 46629
106758 5 22594 8325 45123 46610 46661
106770 6 22593 33925 19489 45123 46629 47173
106776 5 36931 36901 22592 22661 47173
106788 5 36931 36933 22592 59525 47120
106818 4 22597 45121 45122 47237
106824 5 36930 22592 22597 47152 47237
106848 5 36929 22592 22597 47152 47237
106884 6 46213 46400 46402 46610 46661 47120
106896 6 33925 46113 46400 46401 46629 47173
107013 3 36997 46339 46610
107025 5 8325 46339 46337 46625 46629
107028 3 33925 46629 46608
107073 2 36997 46337
107076 4 36997 46354 46608 46640
107088 4 36997 46369 46629 46640
107526 5 22610 8324 19540 46612 47122
107529 5 36868 22531 22610 46724 47188
107553 5 36865 22531 22532 46724 47188
107556 4 36880 22548 59524 46676
107586 4 45138 46644 46676 47236
107592 5 36912 36946 36916 46676 47236
107616 4 36912 22580 46676 47236
107649 5 46212 46418 46593 46596 47188
107652 6 46164 46212 46352 46418 46612 47122
107778 4 22595 46657 46674 47170
107784 4 36928 22595 46674 47170
107808 3 36928 36929 22595
107904 4 46400 46657 46674 47170
108033 3 46595 46593 46674
108036 3 46418 46608 47122
108096 2 46418 46640
108549 5 33924 45059 45074 46596 47124
108561 6 51332 22529 22561 59396 45059 47140
108564 4 51332 59412 45072 46628
108609 4 33924 45057 46596 47156
108612 6 22544 22576 8324 45074 46612 46644
108624 5 36996 59444 45089 45104 46628
108804 5 22592 22594 59410 45123 47120
108816 4 22593 45120 45123 46625
108864 4 22592 45121 45122 47152
131418 5 36935 22597 22598 47141 47158
131430 4 51269 36934 36935 5174
131433 4 22597 46646 46663 47174
131478 4 36935 22598 8229 33861
131481 4 36933 19527 45093 45126
131493 3 36933 36934 36935
131673 2 51237 51254
131685 1 33846
132186 4 36918 22580 46676 47140
132198 4 36918 59444 45140 47124
132201 4 45110 46644 46676 47108
132246 3 8228 33876 33812
132249 3 36948 33796 45092
132261 3 36868 33876 45076
132378 3 36934 36935 22595
132390 3 51267 51271 36934
132393 4 22595 45126 45127 47107
132486 5 36934 22599 33858 33874 33810
132489 4 36930 36946 59463 19526
132498 4 36935 22598 8225 33857
132504 3 36928 36935 8262
132513 4 36865 36929 59462 19527
132516 4 36928 19526 45072 45127
132633 1 51203
132645 1 5123
132681 2 36918 36946
132696 2 51254 36912
132705 2 45110 5121
132708 3 36880 36912 19510
132741 2 8210 47186
132753 2 33793 30753
132756 1 8208
133206 4 36918 22580 59428 46612
133209 4 51236 59444 45110 46596
133398 3 36931 36934 22599
133401 4 22595 45126 45127 46595
133446 5 36930 36934 22599 46610 46646
133449 4 51254 51271 22594 47174
133458 5 36929 36935 22598 59425 47158
133464 5 22592 22598 59440 45127 47158
133509 4 22599 33862 46610 47170
133521 5 36935 36865 22598 22561 47169
133524 4 36934 22599 46608 47168
133701 2 8246 46354
133713 3 33825 46593 46646
133716 3 46352 46646 47152
135258 5 36901 36967 33828 46692 47156
135270 4 36967 33812 45156 5172
135318 5 36901 36967 33892 46628 47124
135321 5 36900 36964 19493 19559 47108
135333 4 36967 33892 45076 5124
135462 5 36931 36933 36935 45155 47207
135465 6 22599 33795 19559 45125 46691 47171
135498 4 36933 22594 8295 33863
135522 4 36929 8261 8295 33863
135528 5 22597 8295 33863 46640 47168
135558 5 36933 22594 22599 47122 47207
135561 4 36935 19525 45122 45159
135585 5 36929 36935 59461 5121 5223
135588 5 36928 36935 19525 45072 47207
135705 4 51203 36901 36963 45159
135717 3 51203 22631 33891
135768 3 51237 51248 36967
135780 3 22631 33840 47120
135813 2 51218 51303
135825 4 51201 36897 36967 45093
135828 3 51216 51303 36901
136218 5 36967 22627 22628 46628 47188
136230 5 51299 51303 59492 5140 5204
136233 6 22531 22627 45159 46596 46676 46692
136266 5 22610 22631 33876 46644 47204
136290 4 8295 33876 5172 47204
136296 5 33876 45104 45159 46644 47204
136326 6 22546 22610 22631 8292 46612 46676
136329 5 36948 59495 45138 45156 5124
136338 5 36897 36967 33892 46628 47188
136344 4 36967 33892 5156 47188
136353 5 19457 19559 45060 45140 45156
136356 5 36964 59408 45076 45159 5204
136458 6 36930 36931 33863 59495 47186 47203
136482 5 36929 8259 8263 45159 47203
136488 5 22595 33863 59495 45120 47203
136578 5 36929 22594 33863 59495 47186
136584 5 8258 8263 19520 45159 47186
136608 4 36935 36967 59456 19521
136713 4 51203 51282 51299 45159
136728 2 51299 36967
136737 4 36867 36963 19457 19559
136740 3 45072 5219 46695
136776 3 51282 51303 36912
136800 2 45104 5223
136833 3 51282 36865 45159
136836 4 51218 51282 51303 45072
136848 2 36897 36967
137238 5 36963 22631 22628 46628 47124
137241 6 51236 22531 22627 59492 45159 47108
137286 5 22546 22631 33812 59492 46644
137298 5 36897 36967 33828 46692 47156
137304 5 33828 45104 45159 46692 47156
137349 5 22546 22631 22628 59412 46596
137361 6 36865 36967 33825 59428 46692 47108
137364 5 36964 22544 22631 46628 47124
137478 6 36930 36931 36935 59491 47122 47207
137481 6 51299 36967 8263 33795 45122 47171
137538 4 36929 22594 8295 33863
137544 5 51248 22594 8295 33863 47168
137601 5 36935 22594 33857 46593 46695
137604 6 36930 36935 33856 59408 47122 47207
137733 4 36867 36967 33891 46610
137745 5 8225 46439 46435 46593 46595
137748 3 46695 46691 46608
137796 4 36967 8240 46610 47120
137808 3 36897 46439 46640
139350 4 36901 33844 45092 5140
139353 4 36901 33828 45108 5124
139365 3 8196 33812 33844
139542 4 36931 36935 8229 33861
139545 5 36931 36933 59463 5123 5157
139557 4 36933 36935 8195 33859
139590 4 51271 36930 36933 5138
139593 3 36930 36933 36935
139602 5 36929 36933 36935 45089 47141
139608 5 36928 36933 19527 45104 47141
139617 4 36933 36935 8193 33857
139620 5 36933 36935 33856 33808 33840
139653 4 22599 46610 46661 47170
139665 6 22597 33793 19493 45127 46625 47169
139668 5 22599 8229 33861 46608 47168
139845 1 33810
139857 3 51201 22565 33825
139860 3 22565 33808 47152
140310 3 8228 33812 33876
140313 4 36867 33796 45140 5156
140325 4 36867 33876 45060 5140
140358 5 36882 36946 8244 45140 47124
140361 4 36946 33876 5172 47108
140370 4 36897 33844 5204 47140
140376 4 36912 33844 5204 47140
140385 4 36865 33876 5172 47108
140388 5 36880 36912 8276 45108 47124
140421 5 22546 8196 19476 46676 47186
140433 5 33793 33796 19492 46625 46676
140436 4 22544 8228 33812 33876
140550 5 36931 36935 33858 33810 33874
140553 5 36930 36931 19527 45138 47107
140562 4 36931 36935 8225 33857
140568 3 36928 36931 36935
140577 5 36929 36931 36935 45057 47107
140580 4 51271 36928 36931 5136
140673 5 22594 8193 45127 46657 46674
140676 6 33858 33810 33874 19472 45127 46656
140688 4 36935 22592 8225 33857
140805 3 22531 33810 47186
140817 3 51233 22531 33793
140820 1 33808
140865 2 22529 33874
140868 4 51248 51282 22544 22546
140880 2 22561 33840
141381 4 22546 8196 33812 33844
141393 5 33825 33828 19460 46593 46644
141396 5 22544 8228 19476 46644 47152
141573 5 22599 8195 33859 46610 47170
141585 6 22595 33825 19459 45127 46593 47169
141588 4 22599 46608 46659 47168
141633 4 36935 22594 8193 33857
141636 6 33856 33808 33840 19474 45127 46658
141648 5 22592 8225 45127 46640 46657
147546 6 22565 22582 22646 8228 46644 46708
147558 5 36918 36982 8212 45172 47156
147561 5 22582 8196 19508 46708 47222
147606 5 22565 22646 33908 46612 47140
147609 5 36980 59429 45092 45174 5124
147621 4 36982 33908 5140 47108
147738 5 36931 36933 22598 59429 47222
147753 5 22598 8195 45125 46659 46710
147786 5 36930 22597 33862 33910 33846
147810 5 36929 8261 33862 33846 33910
147816 6 33862 33846 33910 19504 45125 46656
147849 4 36934 36982 59461 19522
147858 6 36929 36933 36934 59429 47137 47222
147864 5 36933 8262 19520 45093 47222
147873 5 36929 36934 19525 45174 47105
147993 3 51318 36867 45093
148005 2 22531 33910
148041 2 8246 47222
148056 4 51237 51254 51318 45104
148065 3 22529 33846 47222
148068 4 51216 51318 22576 22582
148101 2 36882 36982
148113 4 51201 51233 51318 45093
148116 3 51237 51318 36880
148506 4 36982 22644 59428 46676
148518 4 36982 59508 45076 47188
148521 5 59396 19540 45059 45174 46708
148554 6 36946 36982 8276 33846 59444 47220
148578 5 8246 8310 8276 45108 47220
148584 6 22646 8276 33846 59444 45104 47220
148614 6 36882 36946 36982 8308 59412 47188
148617 5 19538 19574 45060 45140 45172
148626 5 22561 22646 33908 59428 46676
148632 4 8310 33908 45092 5204
148641 5 36868 59510 45057 45172 5204
148644 5 36884 36980 19472 19574 47188
148746 5 36930 22595 33862 46674 46710
148770 4 51265 8259 8262 5238
148776 4 33862 45120 45123 46710
148866 5 36930 22593 33862 46674 46710
148872 5 36930 8262 59456 5202 5238
148896 4 36934 19520 45121 45174
149001 3 51203 36982 45138
149016 1 51318
149025 3 45174 5123 46593
149028 2 19472 19574
149064 4 51318 36918 36946 45104
149088 3 36918 36982 19504
149121 3 51201 36946 45174
149124 4 51282 36882 36982 45072
149136 2 51233 51318
149526 4 36982 22644 46612 47140
149529 5 36900 59508 45059 45174 46596
149574 6 36882 36918 36982 8212 59508 47156
149577 5 51316 36916 8196 8246 47222
149586 6 22561 22582 22646 8228 46644 46708
149592 6 22582 22646 8228 45104 46644 46708
149637 5 36882 22644 33910 46612 47108
149649 6 22529 22561 22646 46596 46628 46708
149652 5 36880 36982 36980 46612 47140
149769 5 51267 51318 8195 8262 45122
149778 5 36931 22593 22598 47137 47222
149784 4 22598 45120 45123 47222
149826 5 36930 22593 33862 33846 33910
149832 6 51264 36912 33846 33862 33910 45122
149889 5 36930 36934 22593 59510 47105
149904 5 36928 22593 22598 47137 47222
150021 3 36867 8310 46354
150033 4 36897 46339 46593 46710
150036 2 46352 46710
150081 3 36865 36918 47222
150084 5 36880 36912 36918 36982 46354
150096 4 36897 46384 46646 46710
151578 5 36963 33829 33828 46692 47220
151590 4 36963 33812 5236 47204
151593 5 33795 33796 19556 46691 46708
151626 3 8292 33908 33844
151650 3 8292 33844 33908
151656 4 22576 8292 33844 33908
151686 4 36882 33812 46708 47204
151689 3 36980 33796 45156
151698 5 22561 33829 33828 46692 47220
151704 4 8229 33828 5220 47220
151713 4 36865 33796 45172 5220
151716 4 36880 33812 5236 47204
151818 4 22594 8291 33859 33861
151842 4 36929 8261 8291 33859
151848 4 22592 8291 33859 33861
151938 3 36930 22593 33861
151944 3 36928 8258 8261
151968 3 36928 36929 36933
152073 2 33795 30819
152088 2 36901 36963
152097 3 51299 22529 33795
152100 2 22627 33808
152136 1 8240
152160 1 33840
152193 1 51201
152196 2 51218 36880
152208 2 51233 36901
152586 5 22610 22627 33876 59492 46708
152610 4 8291 33876 45156 5236
152616 4 33876 59492 45155 46708
152706 4 36946 33876 59492 46708
152712 4 8274 33876 45156 5236
152736 3 36964 33876 45172
153096 2 51282 51299
153120 1 5219
153216 1 51282
153606 5 22546 22627 33812 46708 47204
153609 5 51299 51316 36964 33795 33796
153618 5 36897 36963 33828 46692 47220
153624 4 33828 45155 46692 47220
153666 3 8292 33844 33908
153672 4 8240 8292 33844 33908
153729 4 36865 33796 59508 46692
153732 5 36880 22546 33812 46708 47204
153744 4 36897 33828 46692 47220
153858 4 36929 22594 8291 33859
153864 4 22594 8256 8291 33859
153984 3 36928 36929 22594
154113 3 36865 36963 33795
154116 3 36880 36963 46610
154128 2 36897 46435
154176 1 36912
155670 4 36901 33908 5140 47140
155673 5 19459 19493 45060 45092 45172
155685 4 36867 33908 5140 47108
155718 4 36882 59412 45172 47156
155721 3 36868 33908 45108
155730 5 51233 51237 59428 5172 5236
155736 5 36900 59440 45093 45108 5236
155745 4 36865 33908 45060 5172
155748 5 36880 36912 8308 45076 47156
155781 4 45074 46612 46708 47108
155793 6 22529 22561 45093 46596 46628 46708
155796 5 33908 45072 45093 46612 47140
155913 4 36867 36931 59458 19525
155922 5 36929 36931 36933 45093 47137
155928 4 36901 36933 59456 19523
155937 5 36929 36931 36933 45059 47105
155970 3 51265 51269 36930
155976 4 36928 19522 45104 45125
156000 4 51269 36928 36929 5168
156033 4 22593 45122 45125 47105
156048 5 36933 22593 59429 45120 47137
156165 2 45074 5123
156177 4 36865 36897 19459 19493
156180 2 45072 5157
156225 1 5121
156228 3 36880 36912 19474
156240 3 45104 5153 46629
156678 5 36882 36946 8308 45076 47188
156681 5 36868 59474 45059 45140 5236
156690 4 36897 33908 45092 5204
156696 3 36900 33908 45140
156705 5 51201 51203 59396 5204 5236
156708 4 36880 59412 45172 47188
156738 4 36946 59476 45108 47220
156744 5 36916 36948 19504 19538 47220
156768 4 36912 59444 45140 47220
156801 5 59396 19572 45057 45138 46676
156804 6 36882 22610 8308 59412 45072 47188
156816 4 33908 59428 45089 46676
156930 4 51267 36929 36930 5202
156936 4 36930 19520 45123 45138
156960 3 51265 51267 36928
157056 4 36930 45120 45121 46674
157185 3 45138 5121 46595
157188 3 36882 36946 19472
157200 1 5153
157248 2 19504 19538
157701 5 33908 45059 45074 46612 47108
157713 6 22529 22561 45059 46596 46628 46708
157716 4 45072 46612 46708 47140
157761 4 33908 59396 45057 46644
157764 6 36880 22576 8308 59412 45074 47156
157776 5 59428 19572 45089 45104 46644
157953 5 36931 22593 59395 45122 47105
157968 4 22593 45120 45123 47137
158016 4 36928 45121 45122 46640
163926 5 22565 22582 33844 59428 46612
163929 5 22565 22582 22564 59444 46596
163941 4 22582 8196 33844 33812
164118 4 36931 22598 8229 33861
164121 5 36933 22598 33859 46595 46629
164133 4 36933 22598 8195 33859
164166 5 36930 36934 22597 46610 46646
164169 4 22597 33858 46646 47174
164178 6 36929 36933 36934 59425 47141 47158
164184 6 36933 36934 33856 59440 47141 47158
164193 5 22597 8193 33857 46646 47174
164196 6 33856 33840 33808 19510 45125 46662
164229 4 51218 51269 22598 47170
164241 6 51233 36901 8261 33793 45126 47169
164244 5 51216 22598 8229 33861 47168
164421 2 8210 46390
164433 4 36865 36901 33825 46646
164436 4 36901 8208 46646 47152
164886 3 8228 33812 33876
164889 4 36867 33796 59476 46628
164901 4 33876 59396 45059 46612
164934 6 36882 36918 36946 8244 59476 47124
164937 5 36918 22612 33874 46644 47108
164946 5 22561 22582 33844 46676 47140
164952 5 36912 22582 33844 46676 47140
164961 5 33876 45057 45110 46644 47108
164964 6 36912 22544 8276 59444 45110 47124
164997 5 51284 36884 8196 8210 47186
165009 5 51233 51284 36900 33793 33796
165012 4 8208 8228 33812 33876
165126 5 36934 22595 33858 33810 33874
165129 5 36930 36934 22595 59474 47107
165138 4 36931 22598 8225 33857
165144 3 36928 36931 22598
165153 5 36929 22595 59393 45126 47107
165156 4 36928 45123 45126 46608
165249 5 51265 51282 8193 8258 45126
165252 6 51264 36880 33810 33858 33874 45126
165264 4 22598 8225 8256 33857
165381 3 36867 36882 47186
165393 3 36867 36897 33793
165396 1 36880
165441 3 36865 8274 46390
165444 5 36880 36882 36912 36946 46390
165456 3 36897 36912 46646
165957 5 33812 33844 46084 46354 46390
165969 6 33825 33828 46084 46390 46593 46644
165972 6 46100 46116 46390 46352 46644 47152
166149 5 33859 46083 46406 46610 47170
166161 6 33825 46083 46406 46403 46593 47169
166164 4 46406 46608 46659 47168
166209 5 33857 46081 46402 46646 47174
166212 7 33856 33808 33840 46098 46134 46658 46662
166224 6 46113 46406 46400 46640 46657 47158
167958 5 36901 36963 33892 46628 47124
167961 6 36867 36901 33891 59492 46628 47108
167973 5 33891 33892 19460 46595 46612
168006 4 36882 22548 59492 46644
168018 5 36897 22565 22564 46692 47156
168024 5 36900 22565 22576 46692 47156
168036 5 22576 8292 19508 46612 47120
168069 4 51300 59412 45074 46596
168081 6 51300 22529 22561 59428 45093 47108
168084 5 33892 45072 45093 46628 47124
168198 5 36931 36933 22594 59491 47122
168201 5 36933 36867 22594 22627 47171
168225 6 22593 33891 19457 45125 46595 47171
168228 5 22592 8291 45125 46608 46659
168258 3 36929 36930 22597
168264 4 36930 22597 46640 47168
168288 4 22597 46640 46657 47168
168321 4 22593 45122 45125 46593
168324 5 22592 22594 59408 45125 47122
168453 3 33891 46595 46610
168465 5 8291 46373 46369 46593 46595
168468 3 36963 46373 46608
168516 3 46384 46610 47120
168528 3 46629 46625 46640
168966 6 22546 22610 22627 8292 46612 46676
168969 6 22531 22610 22627 46596 46676 46692
168978 5 36897 36963 33892 46628 47188
168984 4 36963 33892 46628 47188
168993 6 22531 22627 45057 46596 46676 46692
168996 5 59492 19540 45072 45155 46612
169026 4 36946 22612 46644 47204
169032 5 36912 36946 36948 46644 47204
169056 4 45104 46644 46676 47204
169089 5 36964 59476 45057 45138 46596
169092 6 22546 22610 8292 45072 46612 46676
169104 4 33892 45089 46628 47188
169218 5 36929 22594 22595 47186 47203
169224 5 36928 22594 22595 47186 47203
169248 4 22595 45120 45121 47203
169344 4 22594 45120 45121 47186
169473 4 36963 46337 46595 46674
169476 4 36963 46352 46610 46674
169488 2 36963 46369
169536 2 46384 46674
169989 6 33891 33892 46084 46354 46595 46612
170001 7 46337 46339 46369 46435 46628 46692 47108
170004 5 46116 46352 46691 46692 47124
170052 6 46132 46180 46354 46384 46612 47120
170064 5 46180 46384 46625 46628 47156
170241 6 33891 46081 46402 46401 46595 47171
170244 6 46179 46402 46400 46608 46659 47122
170304 4 46402 46640 46657 47168
268436890 1 36918
268436902 1 5174
268436905 1 11318
268437082 3 11334 62535 48200
268437094 3 51270 51272 62535
268437097 3 11336 62535 48198
268437142 4 46408 46646 46663 47174
268437145 4 11334 45127 45128 46646
268437157 4 48198 45127 45128 47158
268437850 1 11352
268437862 1 5208
268437865 1 36952
268437910 2 46390 46680
268437913 2 19510 19544
268437925 2 46424 46646
268438102 4 48200 45126 45127 47192
268438105 4 11336 45126 45127 46680
268438117 4 46406 46663 46680 47176
268439914 1 5157
268439974 1 11301
268439977 1 5157
268440154 3 62536 48199 33861
268440166 4 33861 45127 45128 46629
268440214 3 11335 62536 48197
268440217 3 51269 51271 62536
268440229 4 48197 45127 45128 47141
268440682 3 48148 33828 33796
268440730 3 48132 33844 33812
268440742 3 11316 33828 45060
268440745 3 11300 33844 45076
268440874 1 45059
268440970 1 45074
268440994 2 33825 45057
268441000 2 33840 45072
268441114 4 62535 48200 48131 33859
268441126 4 11331 19527 45059 45128
268441129 3 11331 11335 62536
268441162 4 62536 48199 48146 33858
268441186 5 62535 48200 33857 33825 33793
268441192 4 48199 48144 33856 33864
268441222 3 11330 62535 33864
268441225 4 11330 19528 45074 45127
268441234 4 11335 48200 48129 33857
268441240 5 62536 48199 33856 33840 33808
268441249 4 11297 11329 59464 19527
268441252 4 11312 11328 59463 19528
268441690 4 62552 33876 59396 46612
268441702 4 11268 59476 45144 46628
268441750 4 62552 62548 46644 47108
268441753 4 62552 59476 45108 47124
268441765 4 45144 46644 46676 47140
268441894 2 11267 11352
268441897 1 33880
268441930 3 33874 5138 46680
268441954 3 33793 5153 46680
268441960 2 33880 5136
268441990 2 11352 36946
268441993 3 11282 62546 19544
268442017 2 45144 5153
268442020 2 62512 62552
268442134 5 62535 48195 48200 47107 47192
268442137 4 51267 11335 62536 5208
268442149 4 48195 46663 46680 47176
268442182 5 48200 33858 59474 45127 47192
268442194 5 62535 48200 33857 59393 47192
268442200 5 11336 48199 33856 46608 46680
268442212 4 11335 11352 33856 47176
268443994 1 11367
268444006 2 19493 19559
268444009 2 11367 46373
268444057 1 5223
268444069 2 11301 46439
268444246 4 22599 45125 45128 46695
268444249 4 48199 45125 45128 47207
268444762 4 62567 33892 59412 46596
268444774 4 62567 59492 45092 47108
268444777 4 62567 33892 46628 47124
268444825 4 33812 59492 45159 46644
268444837 4 33828 45159 46692 47156
268444954 3 11367 62467 33891
268444966 3 11267 62563 19559
268444969 2 11367 36963
268445065 2 11282 11367
268445080 3 11367 36912 47120
268445089 2 62497 62567
268445092 2 45159 5168
268445206 6 33795 46183 46408 46407 46691 47171
268445209 5 11331 48199 59491 45128 47207
268445254 4 51266 33863 33864 5223
268445257 5 62536 48194 48199 47122 47207
268445266 5 11329 48200 33863 46593 46695
268445272 5 11328 62536 48199 59408 47207
268445317 4 48231 48194 33863 33864
268445329 4 11329 22600 48231 33863
268445332 5 33863 46183 46408 46640 47168
268445782 5 62468 59476 45144 45159 46692
268445785 5 59492 19476 45144 45159 46676
268445797 5 46116 46424 46692 46695 47188
268445974 4 11267 46439 46691 46680
268445977 3 45144 5223 46691
268445989 3 46691 46695 46680
268446022 3 45159 5208 46674
268446025 4 11367 46424 46674 46610
268446034 3 11352 62567 45057
268446040 3 11367 62552 45072
268446049 3 62567 46369 46680
268446052 2 56423 46680
268446085 3 11367 36952 46674
268446097 2 48231 33880
268446100 3 11367 33880 46384
268446277 6 46183 46402 46408 46663 46680 47186
268446289 5 22600 48231 45121 46663 46680
268446292 5 11335 11352 48231 33864 45120
268452202 1 5157
268452250 1 33846
268452265 2 11301 11318
268452442 3 11334 33861 33864
268452454 4 51270 33861 33864 5157
268452457 4 48165 48198 33861 33864
268452502 4 62536 48197 46646 47174
268452505 4 11334 19528 45110 45125
268452517 5 62536 48197 48198 47141 47158
268452970 3 48148 33796 33828
268453018 4 48132 33812 33844 33846
268453030 4 62500 33846 45108 5124
268453033 4 33844 33846 45092 5140
268453162 1 5123
268453258 2 33846 5138
268453282 3 33825 5121 46646
268453288 3 33840 5136 46646
268453402 4 48131 48200 33859 33862
268453414 4 51272 33859 33862 5123
268453417 3 11336 33859 33862
268453450 4 48146 33858 33862 33864
268453474 5 33857 33862 33864 33793 33825
268453480 4 48144 33856 33862 33864
268453510 4 33858 33864 46646 47174
268453513 5 62534 33858 59464 5138 5174
268453522 5 11318 48129 48200 33857 47174
268453528 6 11334 62518 33808 33840 33856 45128
268453537 5 33857 33862 19528 45089 47158
268453540 5 62536 33856 33862 45104 47158
268453978 4 33876 33880 45060 5140
268453990 4 62468 33880 45140 5156
268453993 4 48164 33812 33876 33880
268454038 5 11348 62518 62552 46644 47108
268454041 5 11316 11348 19510 19544 47124
268454053 5 11316 62518 62552 46676 47140
268454170 2 11267 11352
268454185 1 33880
268454218 3 33874 5138 46680
268454242 3 33793 5153 46680
268454248 2 33880 5136
268454281 4 11282 62518 62546 45144
268454290 3 11265 11352 62518
268454296 4 11280 62512 62552 45110
268454305 3 11297 11318 62552
268454422 5 62534 48195 48200 47107 47192
268454425 4 11336 19526 45123 45144
268454437 4 62534 48195 46680 47176
268454470 5 62534 33858 33864 45138 47192
268454473 6 11336 62552 33810 33858 33874 45126
268454482 5 33857 33864 19526 45057 47192
268454488 5 62536 33856 59462 5136 5208
268454497 5 11352 48161 48198 33857 47176
268454500 4 33856 33862 46680 47176
268456042 4 33796 59412 59428 5157
268456090 3 48132 33812 33844
268456102 4 62501 33828 59444 46596
268456105 4 33844 59428 45093 46612
268456234 2 5123 46373
268456330 1 5138
268456354 3 33825 5121 46629
268456360 3 59440 5136 46629
268456474 4 48200 48131 33859 33861
268456486 5 48200 33859 33861 46595 46629
268456489 4 22600 48165 33859 33861
268456522 4 59410 19522 5189 46152
268456546 6 33793 59425 59429 19521 5189 46408
268456552 5 33861 59408 19493 19520 46408
268456582 3 62533 48200 33858
268456585 4 33858 45125 45128 46610
268456594 4 62533 48200 48129 33857
268456600 5 62536 48197 33856 33808 33840
268456609 5 48197 33857 59425 45128 47141
268456612 5 62536 48197 33856 59440 47141
268457002 4 48148 33796 33828 5123
268457098 4 33796 33812 33844 5138
268457122 5 48180 33825 33828 19460 5121
268457128 5 33828 33840 33844 19476 5136
268457482 5 48200 48146 33795 33858 33859
268457506 6 33793 33825 33857 19459 45128 5187
268457512 4 22600 48144 33856 5187
268457602 4 48200 33793 33857 5186
268457608 6 33808 33840 33856 19474 45128 5186
268457632 5 48176 33825 45128 5184 5185
268458010 5 48131 48216 33876 59396 46612
268458022 5 62468 48131 48216 59476 46628
268458025 4 22616 48164 33876 33812
268458058 6 59412 59476 19460 19538 5138 46168
268458082 6 33793 59428 59476 19460 5153 46424
268458088 5 33876 19476 19492 5136 46424
268458118 5 48216 33874 33876 46644 47108
268458121 6 48146 48180 33874 59476 45144 47124
268458130 5 48129 48216 33876 46644 47108
268458136 6 62480 62552 48212 33840 59444 47124
268458145 5 33844 45089 45144 46676 47140
268458148 5 62552 62516 33840 46676 47140
268458250 4 59474 46354 46595 46680
268458274 4 33793 46369 46595 46680
268458280 2 46168 46352
268458370 3 5202 46680 46593
268458376 5 5202 46424 46384 46608 46610
268458400 3 46424 46384 46625
268458502 6 62531 62536 33858 59474 47107 47192
268458505 6 33858 33874 33810 19544 45123 46664
268458514 6 62531 62536 33857 59393 47107 47192
268458520 5 11336 48195 33856 46608 46680
268458529 5 48195 48161 33857 46680 47176
268458532 4 48195 33856 46680 47176
268458562 6 59474 19457 5185 5186 46408 47192
268458568 7 33874 33858 59408 19474 5184 46168 46664
268458592 5 33857 19489 5184 46680 47176
268460122 3 11284 33892 45060
268460134 4 62501 59428 45156 47108
268460137 4 33892 45093 46628 47124
268460185 3 11364 33812 45108
268460197 4 62501 33828 46692 47156
268460314 2 33891 30723
268460329 2 62501 62563
268460362 1 5138
268460386 3 11265 62497 19493
268460392 2 45093 5136
268460425 1 11282
268460440 2 33840 47120
268460449 2 11301 36897
268460566 5 11363 62533 62467 48200 47171
268460569 4 11331 11363 59464 19525
268460614 3 51266 51272 62533
268460617 4 48194 45125 45128 47122
268460626 4 11329 19525 45057 45128
268460632 4 11280 11328 59461 19528
268460677 3 11336 62533 48194
268460689 3 11329 11333 62536
268460692 4 48197 33864 46640 47168
268461082 5 11267 11284 62468 33891 33892
268461094 5 33795 33891 45156 46628 47108
268461097 4 33891 33892 5156 47124
268461130 4 33810 33892 45076 5124
268461154 5 48228 33793 33825 45092 47108
268461160 4 33808 33892 5156 47124
268461193 4 33810 33812 45156 5172
268461208 5 11284 62516 48228 33840 47120
268461217 4 62497 33828 5220 47156
268461220 4 62500 33840 5220 47156
268461322 3 33891 56323 46610
268461346 4 33825 5219 46593 46595
268461352 2 5219 46608
268461448 3 33840 46610 47120
268461472 2 56353 46640
268461574 5 62467 62563 33858 33864 47171
268461577 5 62531 33858 19528 45155 47122
268461586 6 11267 62465 33857 33891 45128 47171
268461592 5 11280 11331 48227 33856 45128
268461634 4 51272 33857 33858 5121
268461640 5 62536 33856 33858 45072 47122
268461697 3 11336 62529 33858
268461700 4 33858 33864 46640 47168
268461712 4 11312 11329 22600 47168
268462102 6 48131 48216 48227 46596 46676 46692
268462105 5 11364 59480 45140 45155 5140
268462117 5 11364 48216 48227 46628 47188
268462150 5 51282 51288 59476 5124 5220
268462153 6 48228 48146 48210 45144 46612 46676
268462162 5 11348 59393 45060 45144 5220
268462168 5 19472 19544 45076 45140 45156
268462177 5 33892 45089 45144 46628 47188
268462180 4 62564 33880 5156 47188
268462213 5 11352 48210 33876 46644 47204
268462225 4 62552 33876 5172 47204
268462228 5 62512 62548 33880 46644 47204
268462345 4 11282 11346 11363 45144
268462354 4 11267 11352 11363 45057
268462360 3 11363 62480 45144
268462369 3 11352 11363 62497
268462402 3 45057 5202 46680
268462408 4 11282 11346 19472 19544
268462432 2 45089 5208
268462465 2 11346 36952
268462480 2 62512 62552
268462597 6 62530 62531 33864 59480 47186 47203
268462609 5 11331 62536 19521 45144 47203
268462612 5 11336 62528 48195 59480 47203
268462657 5 22600 48194 59480 45121 47186
268462660 5 62528 33858 33864 45144 47186
268462672 4 11336 11352 59457 19520
268468570 2 11384 36982
268468582 3 45093 5240 46710
268468585 3 11301 36984 46710
268468630 3 46390 46712 47222
268468633 3 11318 62582 19576
268468645 4 11301 46456 46710 46646
268468822 5 22598 48200 59510 45125 47224
268468837 6 46117 46406 46408 46661 46712 47222
268469338 5 11382 48248 33908 46612 47108
268469350 5 51318 51320 59508 5124 5156
268469353 5 11384 48246 33908 46612 47140
268469398 6 46084 46132 46456 46390 46708 47222
268469401 6 11382 48182 48148 59508 45176 47156
268469413 6 48164 48182 48246 45176 46644 46708
268469530 3 11267 36982 46712
268469542 3 45059 5238 46712
268469545 2 11382 36984
268469638 3 33846 46712 47222
268469641 4 11318 62482 62582 45176
268469650 4 11265 33846 46712 47222
268469656 5 11312 11318 62480 62582 46456
268469665 4 11297 11318 11382 45176
268469668 4 11318 11382 19504 19576
268469782 6 46083 46408 46406 46659 46710 47224
268469797 5 22600 48198 59512 45123 47222
268469830 5 62530 33862 33864 45174 47224
268469842 6 62529 62536 33862 59510 47105 47224
268469857 6 62529 62534 33864 59512 47137 47222
268469860 5 62528 33862 33864 45176 47222
268469893 6 11336 62584 33846 33862 33910 45122
268469905 6 33862 33910 33846 19576 45121 46664
268469908 7 33862 33846 33910 46128 46200 46656 46664
268470358 6 48132 48216 48248 45174 46676 46708
268470361 6 11384 48216 48148 59508 45174 47188
268470373 6 46116 46164 46454 46424 46708 47224
268470550 4 11267 46454 46712 46680
268470553 3 11352 62584 19574
268470565 3 46424 46710 47224
268470598 4 11352 11384 19538 19574
268470601 5 11346 11352 62482 62584 46454
268470610 4 11265 11352 11384 45174
268470616 4 11352 62480 62584 45174
268470625 4 11297 33880 46710 47224
268470628 3 33880 46710 47224
268470661 5 11382 11384 62518 62552 46418
268470673 4 11318 11352 48246 48248
268470676 5 11382 11384 62518 62552 46384
268470853 7 33864 33880 33912 46162 46198 46658 46662
268470865 6 33864 33912 33880 19574 45121 46662
268470868 6 11334 62582 33864 33880 33912 45120
268472410 4 62584 33908 46612 47108
268472422 5 62468 59508 45093 45176 46628
268472470 4 62584 62580 59396 46644
268472473 4 62584 59508 45076 47156
268472485 5 59428 19508 45093 45176 46708
268472614 3 11384 62501 45059
268472617 2 48165 33912
268472650 2 46354 46712
268472674 4 11265 46373 46625 46712
268472680 3 11301 33912 46352
268472710 1 11384
268472713 2 19474 19576
268472737 3 45176 5157 46625
268472740 3 11301 62584 45104
268472854 5 11331 62533 48200 59395 47224
268472869 5 22600 48165 45123 46661 46712
268472902 4 48200 45122 45125 47224
268472914 5 62533 48193 48200 47105 47224
268472932 5 11333 11384 48165 33864 45120
268472965 4 11336 45122 45125 46712
268472977 4 51265 11333 62536 5240
268472980 5 11328 11336 48197 46640 46712
268473370 5 48131 48248 33908 46612 47108
268473382 5 11380 59395 45060 45176 5156
268473385 4 62584 33908 5140 47140
268473418 5 62482 62584 33908 46612 47108
268473442 6 48129 48161 48248 48244 46596 46628
268473448 5 62480 33912 33908 46612 47140
268473478 4 33908 33912 45060 5172
268473481 5 11284 11380 19474 19576 47156
268473490 5 48129 48248 33908 59396 46644
268473496 6 11280 62512 62584 48244 59412 47156
268473505 5 11300 59512 45089 45172 5172
268473508 5 19504 19576 45092 45108 45172
268473610 3 11267 11384 62482
268473634 4 11265 11297 11384 45059
268473640 2 62480 62584
268473730 2 11265 11384
268473736 4 11312 62480 62584 45074
268473760 3 11297 62512 45176
268473862 5 62531 33864 19522 45059 47224
268473874 6 11331 62529 62536 59395 47105 47224
268473889 5 11329 62536 19523 45176 47137
268473892 4 11336 11384 59459 19520
268473922 5 62530 48193 48200 47105 47224
268473952 5 11336 62528 48193 59512 47137
268473985 4 11336 19522 45121 45176
268473988 5 62528 62536 59458 5168 5240
268474000 5 11328 11336 48193 46640 46712
268474390 6 48131 48216 48248 48132 46676 46708
268474393 5 11352 62584 48148 45172 47188
268474405 5 22616 48164 19540 46708 47224
268474438 6 48132 48216 48248 45138 46676 46708
268474450 6 48129 48216 48248 48132 46676 46708
268474456 6 11384 62480 62552 48148 59508 47188
268474468 5 11380 62548 48164 33880 47224
268474501 6 11352 48248 48180 59476 45138 47220
268474513 5 11384 62552 48180 45140 47220
268474516 6 11352 62512 62584 48180 59476 47220
268474630 4 11267 11352 11384 45138
268474633 4 11282 11384 48210 48216
268474657 3 48161 33880 47224
268474660 2 33880 47224
268474690 4 11265 46418 46680 46712
268474696 5 11346 11352 62482 62584 46352
268474720 3 11297 36952 47224
268474753 3 11384 62552 19538
268474756 4 11384 62512 62552 45138
268474885 6 33864 33880 33912 19538 45123 46658
268474897 5 11329 11331 33864 33880 33912
268474900 5 62528 48195 33864 33912 33880
268474948 6 11330 62546 33864 33880 33912 45120
268474960 5 62528 48193 33864 33880 33912
268476502 4 11268 59508 45176 46692
268476505 4 45176 46612 46708 47204
268476517 5 46180 46456 46628 46629 47220
268476694 3 33795 46691 46712
268476697 2 45176 5219
268476709 3 62501 46435 46712
268476742 1 5240
268476745 2 46456 46610
268476754 2 11265 11384
268476760 2 62480 62584
268476769 3 46625 46629 46712
268476772 2 56357 46712
268476805 1 36984
268476817 1 33912
268476820 2 33912 46384
268476997 4 46402 46661 46712 47176
268477009 4 48193 46661 46712 47176
268477012 4 11333 11384 22592 47176
268477462 6 33795 33796 46180 46456 46691 46708
268477465 5 33812 45155 45176 46708 47204
268477477 5 33828 45155 45176 46692 47220
268477510 4 62468 33912 45172 5220
268477513 5 11284 62482 62584 46708 47204
268477522 5 62468 48129 48248 59508 46692
268477528 5 62584 62484 33808 46708 47204
268477537 5 11300 48161 48248 46692 47220
268477540 4 62500 33912 5220 47220
268477573 4 48228 33844 33908 33912
268477585 4 22648 48228 33908 33844
268477588 5 33844 33908 46180 46384 46456
268477702 3 33795 56419 46712
268477705 3 11282 11363 62584
268477714 4 11265 62563 33795 46712
268477720 3 11363 33808 46456
268477729 3 11297 11384 62563
268477732 2 45155 5240
268477825 1 33912
268477828 2 33840 33912
268477840 2 33840 46456
268477957 5 11384 48227 48194 33859 47176
268477969 5 48193 48227 33859 46712 47176
268477972 5 33859 46179 46400 46712 47176
268478017 4 62530 48193 46712 47176
268478020 4 33856 33858 46712 47176
268478032 4 48193 33856 46712 47176
268478533 6 46180 46196 46418 46456 46676 47192
268478545 5 22648 48228 19572 46676 47192
268478548 5 11348 62580 48228 33912 47192
268478725 4 11363 33912 46674 47192
268478737 3 48227 33912 47192
268478740 3 11363 36984 47192
268478785 3 46456 46674 47192
268478788 3 33912 46674 47192
268478800 2 33912 47192
268501354 1 45093
268501402 1 33846
268501414 2 11301 11318
268501594 3 11333 11335 62534
268501606 4 11333 19527 45093 45126
268501609 4 62535 48198 48165 33861
268501654 4 48197 46646 46663 47174
268501657 4 51269 11335 62534 5174
268501669 5 62535 48197 48198 47141 47158
268502122 3 48148 33796 33828
268502182 4 11300 59444 45110 46596
268502185 4 62518 33844 59428 46612
268502314 1 5123
268502410 2 33846 5138
268502434 3 33825 5121 46646
268502440 3 33840 5136 46646
268502566 4 33859 45126 45127 46595
268502569 3 62534 48199 33859
268502602 4 48199 48146 33858 33862
268502626 5 62535 48198 33857 33793 33825
268502632 4 62534 48199 48144 33856
268502662 4 11318 11335 33858 47174
268502665 5 11334 48199 33858 46610 46646
268502689 5 62535 48198 33857 59425 47158
268502692 5 48198 33856 59440 45127 47158
268503130 3 11268 33876 45076
268503142 3 11348 33796 45092
268503145 3 48164 33876 33812
268503190 4 45110 46644 46676 47108
268503193 4 62518 59444 45140 47124
268503205 4 62518 62516 46676 47140
268503322 1 5123
268503334 1 11267
268503370 2 33874 45074
268503394 2 33793 45089
268503400 1 45072
268503430 2 62518 62546
268503442 2 45110 5121
268503448 3 11280 62512 19510
268503460 2 11318 36912
268503574 4 48195 45126 45127 47107
268503577 3 51267 51271 62534
268503589 3 11335 62534 48195
268503622 4 11330 11346 59463 19526
268503625 5 62534 48199 33858 33874 33810
268503634 4 11265 11329 59462 19527
268503640 4 11328 19526 45072 45127
268503649 4 11335 48198 48161 33857
268503652 3 11328 62535 33862
268505194 4 33812 33796 33828 5157
268505242 3 48132 33812 33844
268505254 4 33828 33829 45108 5124
268505257 4 33829 33844 45092 5140
268505386 2 5123 5157
268505482 1 5138
268505506 3 33825 5121 46629
268505512 3 45104 5136 46629
268505626 4 11335 48131 33859 33861
268505638 5 33859 33861 59463 5123 5157
268505641 4 11335 48165 33859 33861
268505674 4 48199 33810 33858 5189
268505698 6 33793 33825 33857 19493 45127 5189
268505704 5 48199 48165 33808 33856 33861
268505734 3 11335 33858 33861
268505737 4 51271 33858 33861 5138
268505746 4 62535 48129 33857 33861
268505752 5 11335 33856 33861 33808 33840
268505761 5 62535 33857 33861 45089 47141
268505764 5 33856 33861 19527 45104 47141
268506154 4 33812 33796 33828 5123
268506250 4 48132 33812 33844 5138
268506274 5 33844 33825 33828 19460 5121
268506280 5 48164 33840 33844 19476 5136
268506634 5 48199 48131 33810 33858 33859
268506658 6 33793 33825 33857 19459 45127 5187
268506664 4 48199 33808 33856 5187
268506754 4 11335 48129 33857 5186
268506760 6 33808 33840 33856 19474 45127 5186
268506784 5 48161 33840 45127 5184 5185
268507162 4 33795 33876 45060 5140
268507174 4 33795 33796 45140 5156
268507177 3 48164 33812 33876
268507210 5 48132 33874 33876 19476 5138
268507234 5 33876 33793 33796 19492 5153
268507240 4 48164 33812 33876 5136
268507270 4 33874 33876 5172 47108
268507273 5 48180 33810 33874 45140 47124
268507282 4 33793 33876 5172 47108
268507288 5 48212 33808 33840 45108 47124
268507297 4 33825 33844 5204 47140
268507300 4 33840 33844 5204 47140
268507402 3 45138 5138 46595
268507426 3 33793 5153 46595
268507432 1 5136
268507522 2 5202 46593
268507528 4 5168 5202 46608 46610
268507552 2 5168 46625
268507654 5 33858 33859 19527 45138 47107
268507657 5 11335 33858 33859 33810 33874
268507666 5 62535 33857 33859 45057 47107
268507672 4 51271 33856 33859 5136
268507681 4 62535 48161 33857 33859
268507684 3 11335 33856 33859
268507714 5 48129 33874 45127 5185 5186
268507720 6 33810 33858 33874 19472 45127 5184
268507744 4 11335 48161 33857 5184
268509274 4 11367 33892 45076 5124
268509286 5 11300 11364 19493 19559 47108
268509289 5 62501 62567 33892 46628 47124
268509337 4 11367 33812 45156 5172
268509349 5 62501 62567 33828 46692 47156
268509466 3 11267 48231 33891
268509478 4 11267 62501 62563 45159
268509514 2 11282 11367
268509538 4 11265 62497 62567 45093
268509544 3 11280 11367 62501
268509592 3 48231 33840 47120
268509604 3 11301 11312 62567
268509718 6 22599 33795 19559 45125 46691 47171
268509721 5 11335 62531 62533 45155 47207
268509766 4 11335 19525 45122 45159
268509769 5 62533 48194 48199 47122 47207
268509778 5 62529 62535 59461 5121 5223
268509784 5 11335 62528 19525 45072 47207
268509829 4 62533 48194 48231 33863
268509841 4 11333 62529 48231 33863
268509844 5 48197 48231 33863 46640 47168
268510246 6 11300 48131 33891 59492 45159 47108
268510249 5 48231 33891 33892 46628 47124
268510282 5 48146 48231 33892 59412 46596
268510306 6 62465 62567 48228 33825 59428 47108
268510312 5 48144 48231 33892 46628 47124
268510345 5 48146 48231 33812 59492 46644
268510369 5 11297 62567 33828 46692 47156
268510372 5 33828 45104 45159 46692 47156
268510474 4 11367 62467 33891 46610
268510498 5 33825 5219 46439 46593 46595
268510504 3 5219 46695 46608
268510600 4 11367 33840 46610 47120
268510624 3 62497 46439 46640
268510726 6 11363 62567 33795 33863 45122 47171
268510729 6 11331 62530 62535 59491 47122 47207
268510786 5 11335 48194 33857 46593 46695
268510792 6 62530 62535 33856 59408 47122 47207
268510849 4 11329 48194 48231 33863
268510852 5 11312 48231 48194 33863 47168
268511254 6 48131 48227 45159 46596 46676 46692
268511257 5 51299 51303 59492 5140 5204
268511269 5 11367 62564 48227 46628 47188
268511302 5 11348 59495 45138 45156 5124
268511305 6 48146 48210 48231 48228 46612 46676
268511314 5 19457 19559 45060 45140 45156
268511320 5 11364 59408 45076 45159 5204
268511329 5 11367 62497 33892 46628 47188
268511332 4 62567 33892 5156 47188
268511365 5 48210 48231 33876 46644 47204
268511377 4 11367 33876 5172 47204
268511380 5 33876 45104 45159 46644 47204
268511494 4 11267 11346 11363 45159
268511506 4 11267 11363 19457 19559
268511512 3 45072 5219 46695
268511524 2 11363 36967
268511554 3 11346 62465 45159
268511560 4 11282 11346 11367 45072
268511584 2 62497 62567
268511620 3 11346 11367 62512
268511632 2 45104 5223
268511749 6 11335 62530 62531 59495 47186 47203
268511761 5 11331 62529 62535 45159 47203
268511764 5 11335 48195 59495 45120 47203
268511809 5 11335 62529 48194 59495 47186
268511812 5 62535 33858 19520 45159 47186
268511824 4 11335 11367 59456 19521
268517482 4 48148 33796 33828 5157
268517530 4 22582 48132 33844 33812
268517542 5 62500 48165 48182 59444 46596
268517545 5 48165 48182 33844 59428 46612
268517674 2 5157 46339
268517770 2 46134 46354
268517794 4 33825 46337 46629 46646
268517800 4 59440 46352 46629 46646
268517914 4 22598 48131 33859 33861
268517926 5 48198 33859 33861 46595 46629
268517929 4 48198 48165 33859 33861
268517962 4 22598 48146 33858 5189
268517986 6 33793 33825 33857 19493 45126 5189
268517992 5 48198 48144 33829 33856 33861
268518022 4 48197 33858 46646 47174
268518025 5 11334 48197 33858 46610 46646
268518034 5 48197 48129 33857 46646 47174
268518040 6 33856 33840 33808 19510 45125 46662
268518049 6 62533 62534 33857 59425 47141 47158
268518052 6 62533 62534 33856 59440 47141 47158
268518442 4 33828 59396 59412 5123
268518538 5 33844 19460 19476 5138 46390
268518562 6 33825 59396 59444 19492 5121 46390
268518568 6 59412 59444 19492 19504 5136 46134
268518922 5 33859 59410 19459 19522 46406
268518946 6 33825 59393 59395 19521 5187 46406
268518952 4 59408 19520 5187 46150
268519042 5 33857 19457 5186 46646 47174
268519048 7 33840 33856 59410 19472 5186 46134 46662
268519072 6 59440 19489 5184 5185 46406 47158
268519450 4 33876 59396 45059 46612
268519462 4 62467 33796 59476 46628
268519465 3 48164 33812 33876
268519498 5 33796 33874 33876 19476 5138
268519522 5 48212 33793 33796 19492 5153
268519528 4 33828 33812 33876 5136
268519558 5 62518 62548 33874 46644 47108
268519561 6 62482 62518 48180 33874 59476 47124
268519570 5 33876 45057 45110 46644 47108
268519576 6 48144 48212 33840 59444 45110 47124
268519585 5 48161 48182 33844 46676 47140
268519588 5 48182 33840 33844 46676 47140
268519690 3 59474 5138 46595
268519714 3 33793 5153 46595
268519720 1 5136
268519810 3 46390 46418 46593
268519816 5 5168 46390 46418 46608 46610
268519840 3 5168 46646 46625
268519942 5 62534 48195 33858 59474 47107
268519945 5 62534 48195 33858 33810 33874
268519954 5 48195 33857 59393 45126 47107
268519960 4 33856 45123 45126 46608
268519969 4 62531 48198 48161 33857
268519972 3 62531 48198 33856
268520002 5 48210 33793 45126 5185 5186
268520008 6 33810 33858 33874 19472 45126 5184
268520032 4 48198 33825 33857 5184
268521514 5 33796 33828 59412 5123 5157
268521610 4 33844 59396 59412 5138
268521634 6 59396 59428 59444 19489 5121 46117
268521640 6 33844 59412 59428 45104 5136 46117
268521994 5 59395 59410 19523 45122 5189
268522018 7 33793 33825 59395 59429 45121 5187 5189
268522024 5 59408 59429 19525 45120 5187
268522114 4 59393 19521 5186 46149
268522120 6 33840 59408 59410 19520 5186 46149
268522144 6 59425 59440 5184 5185 46149 47141
268523530 6 33876 59396 59412 45138 5138 46083
268523554 6 59396 59428 59476 19457 5153 46083
268523560 4 33876 59412 59428 5136
268523650 5 59444 59476 5202 46081 47108
268523656 7 59444 59476 5168 5202 46096 46098 47124
268523680 5 59444 59476 5168 46113 47140
268524034 6 59393 59474 5185 5186 46147 47107
268524040 6 33874 59408 59410 19522 5184 46147
268524064 4 59425 19521 5184 46147
268525594 5 33891 33892 19460 46595 46612
268525606 6 62467 62501 33891 59492 46628 47108
268525609 5 62501 33891 33892 46628 47124
268525642 4 33892 59412 45074 46596
268525666 6 22561 48129 48228 59428 45093 47108
268525672 5 33892 45072 45093 46628 47124
268525705 4 62482 62484 59492 46644
268525720 5 22576 48228 19508 46612 47120
268525729 5 11297 62500 48165 46692 47156
268525732 5 11300 48165 48176 46692 47156
268525834 3 33891 46595 46610
268525858 5 46113 46373 46435 46593 46595
268525864 3 46373 46435 46608
268525960 3 46128 46610 47120
268525984 3 46629 46625 46640
268526086 5 11267 62533 62563 48194 47171
268526089 5 11331 62533 48194 59491 47122
268526098 6 22593 33891 19457 45125 46595 47171
268526104 5 22592 48227 45125 46608 46659
268526146 4 22593 45122 45125 46593
268526152 5 22592 48194 59408 45125 47122
268526209 3 11329 62530 48197
268526212 4 62530 48197 46640 47168
268526224 4 48197 46640 46657 47168
268526602 6 33892 33891 46084 46354 46595 46612
268526626 7 59492 5219 46081 46339 46369 46628 47108
268526632 5 59492 5219 46116 46352 47124
268526728 6 19556 46132 46354 46384 46612 47120
268526752 5 59492 46384 46625 46628 47156
268527106 6 19555 46081 46402 46401 46595 47171
268527112 6 19555 46146 46400 46608 46659 47122
268527232 4 46402 46640 46657 47168
268527622 6 48131 48210 48227 46596 46676 46692
268527625 6 48146 48210 48227 48228 46612 46676
268527634 6 48131 48227 45057 46596 46676 46692
268527640 5 59492 19540 45072 45155 46612
268527649 5 62497 62563 33892 46628 47188
268527652 4 62563 33892 46628 47188
268527682 5 59476 19556 45057 45138 46596
268527688 6 48146 48210 33892 45072 46612 46676
268527712 4 33892 45089 46628 47188
268527745 4 62546 62548 46644 47204
268527748 5 11348 62512 62546 46644 47204
268527760 4 45104 46644 46676 47204
268527874 4 46337 46595 46674 46691
268527880 4 46352 46610 46674 46691
268527904 2 46369 46691
268528000 2 46384 46674
268528129 5 62529 48194 48195 47186 47203
268528132 5 62528 48194 48195 47186 47203
268528144 4 48195 45120 45121 47203
268528192 4 48194 45120 45121 47186
268533850 4 62582 33908 5140 47108
268533862 5 11380 59429 45092 45174 5124
268533865 5 48165 48246 33908 46612 47140
268533910 5 22582 48132 19508 46708 47222
268533913 5 11318 62582 48148 45172 47156
268533925 6 48165 48182 48246 48164 46644 46708
268534042 2 48131 33910
268534054 3 11382 62467 45093
268534090 2 62482 62582
268534114 4 11265 11297 11382 45093
268534120 3 11301 11382 62480
268534150 2 33846 47222
268534162 3 48129 33846 47222
268534168 4 11280 11382 48176 48182
268534180 4 11301 11318 11382 45104
268534294 5 22598 48131 45125 46659 46710
268534309 5 11333 62531 48198 59429 47222
268534342 4 11334 11382 59461 19522
268534354 5 11329 62534 19525 45174 47105
268534369 6 11333 62529 62534 59429 47137 47222
268534372 5 62533 33862 19520 45093 47222
268534405 5 62530 48197 33862 33910 33846
268534417 5 11329 11333 33862 33846 33910
268534420 6 33862 33846 33910 19504 45125 46656
268534822 5 62500 59508 45059 45174 46596
268534825 4 62582 33908 46612 47140
268534858 5 62482 33910 33908 46612 47108
268534882 6 48129 48161 48246 48244 46596 46628
268534888 5 62480 62582 33908 46612 47140
268534918 5 11380 62516 48132 33846 47222
268534921 6 11382 62482 62518 48148 59508 47156
268534945 6 48161 48182 48246 48164 46644 46708
268534948 6 48164 48182 48246 45104 46644 46708
268535050 3 11267 33910 46354
268535074 4 11297 46339 46593 46710
268535080 2 46352 46710
268535170 3 11265 36918 47222
268535176 5 11312 11318 62480 62582 46354
268535200 4 11297 46384 46646 46710
268535302 5 11331 11382 48131 33862 45122
268535329 5 62531 48193 48198 47137 47222
268535332 4 48198 45120 45123 47222
268535362 5 11334 62530 48193 59510 47105
268535392 5 62528 48193 48198 47137 47222
268535425 5 62530 48193 33862 33846 33910
268535428 6 11328 62512 33846 33862 33910 45122
268535830 5 59396 19540 45059 45174 46708
268535833 4 62582 59508 45076 47188
268535845 4 62582 62580 59428 46676
268535878 5 19538 19574 45060 45140 45172
268535881 6 11282 62546 62582 48244 59412 47188
268535890 5 11268 59510 45057 45172 5204
268535896 5 11284 11380 19472 19574 47188
268535905 5 48161 48246 33908 59428 46676
268535908 4 33908 33910 45092 5204
268535941 6 11318 62546 62582 48212 59444 47220
268535953 5 11382 62518 48212 45108 47220
268535956 6 11318 48246 48212 59444 45104 47220
268536070 3 11267 62582 45138
268536082 3 45174 5123 46593
268536088 2 19472 19574
268536100 1 11382
268536130 3 11265 62546 45174
268536136 4 11346 62482 62582 45072
268536160 2 11297 11382
268536196 4 11382 62518 62546 45104
268536208 3 11382 62518 19504
268536325 5 11330 11334 48195 46674 46710
268536337 4 51265 11331 62534 5238
268536340 4 11334 45120 45123 46710
268536385 5 11330 11334 48193 46674 46710
268536388 5 62530 62534 59456 5202 5238
268536400 4 11334 19520 45121 45174
268537882 4 11267 33908 5140 47108
268537894 5 19459 19493 45060 45092 45172
268537897 4 11301 33908 5140 47140
268537930 4 33908 45074 46612 47108
268537954 6 48129 48161 33908 45093 46596 46628
268537960 5 33908 45072 45093 46612 47140
268537990 3 11268 33908 45108
268537993 4 62482 59412 45172 47156
268538002 4 11265 33908 45060 5172
268538008 5 11312 62480 48244 45076 47156
268538017 5 51233 51237 59428 5172 5236
268538020 5 11300 59440 45093 45108 5236
268538122 2 45074 5123
268538146 4 11265 11297 19459 19493
268538152 2 45072 5157
268538242 1 5121
268538248 3 11312 62480 19474
268538272 3 45104 5153 46629
268538374 4 11267 11331 59458 19525
268538386 5 11329 62531 62533 45059 47105
268538401 5 11329 62531 62533 45093 47137
268538404 4 11301 11333 59456 19523
268538434 4 48193 45122 45125 47105
268538464 5 11333 48193 59429 45120 47137
268538497 3 51265 51269 62530
268538500 4 11328 19522 45104 45125
268538512 4 51269 11329 62528 5168
268538890 5 33908 45059 45074 46612 47108
268538914 6 48129 48161 33908 45059 46596 46628
268538920 4 33908 45072 46612 47140
268539010 4 33908 59396 45057 46644
268539016 6 11280 48176 48244 59412 45074 47156
268539040 5 59428 19572 45089 45104 46644
268539394 5 11331 48193 59395 45122 47105
268539424 4 48193 45120 45123 47137
268539520 4 11328 45121 45122 46640
268539910 5 11268 59474 45059 45140 5236
268539913 5 11346 62482 48244 45076 47188
268539922 5 51201 51203 59396 5204 5236
268539928 4 62480 59412 45172 47188
268539937 4 11297 33908 45092 5204
268539940 3 11300 33908 45140
268539970 5 59396 19572 45057 45138 46676
268539976 6 11282 48210 48244 59412 45072 47188
268540000 4 33908 59428 45089 46676
268540033 4 62546 59476 45108 47220
268540036 5 11316 11348 19504 19538 47220
268540048 4 62512 59444 45140 47220
268540162 3 45138 5121 46595
268540168 3 11346 62482 19472
268540192 1 5153
268540288 2 19504 19538
268540417 4 51267 11329 62530 5202
268540420 4 11330 19520 45123 45138
268540432 3 51265 51267 62528
268540480 4 11330 45120 45121 46674
268541974 5 33795 33796 19556 46691 46708
268541977 4 11363 33812 5236 47204
268541989 5 11301 62563 33828 46692 47220
268542022 3 11380 33796 45156
268542025 4 62482 62484 46708 47204
268542034 4 11265 33796 45172 5220
268542040 4 62480 33812 5236 47204
268542049 5 11301 62500 48161 46692 47220
268542052 4 62501 33828 5220 47220
268542085 3 48228 33908 33844
268542097 3 48228 33844 33908
268542100 4 22576 48228 33844 33908
268542214 2 33795 30819
268542226 3 11363 48129 33795
268542232 2 48227 33808
268542244 2 62501 62563
268542274 1 11265
268542280 2 11282 36880
268542304 2 11297 36901
268542340 1 33840
268542352 1 33840
268542469 4 11333 48194 48227 33859
268542481 4 11329 62533 48227 33859
268542484 4 11333 22592 48227 33859
268542529 3 11333 62530 48193
268542532 3 11328 62533 33858
268542544 3 11329 11333 62528
268542982 5 11363 11380 62564 33795 33796
268542985 5 48146 48227 33812 46708 47204
268543009 5 62497 62563 33828 46692 47220
268543012 4 33828 45155 46692 47220
268543042 4 62465 33796 59508 46692
268543048 5 11280 48146 33812 46708 47204
268543072 4 62497 33828 46692 47220
268543105 3 48228 33844 33908
268543108 4 48228 33840 33844 33908
268543234 3 11265 62563 33795
268543240 3 11363 36880 46610
268543264 2 11297 46435
268543360 1 36912
268543489 4 62529 48194 48227 33859
268543492 4 48227 48194 33856 33859
268543552 3 11328 62529 48194
268544005 5 48210 48227 33876 59492 46708
268544017 4 11363 33876 45156 5236
268544020 4 33876 59492 45155 46708
268544065 4 62546 62548 59492 46708
268544068 4 33874 33876 45156 5236
268544080 3 11364 33876 45172
268544260 2 11346 11363
268544272 1 5219
268544320 1 11346
268566874 2 11399 36997
268566886 3 11301 62597 19591
268566889 3 11399 62501 33925
268566934 3 46725 46727 46646
268566937 3 45110 5255 46725
268566949 4 11301 46471 46725 46646
268567129 5 11333 48199 59525 45126 47239
268567141 6 33829 46215 46406 46407 46725 47173
268567642 4 62599 33924 46596 47124
268567654 4 62599 59524 45060 47140
268567657 4 62599 33924 59412 46628
268567702 5 46084 46390 46724 46727 47156
268567705 5 59524 19476 45110 45191 46644
268567717 5 62500 59444 45110 45191 46724
268567834 2 11399 46339
268567846 2 19459 19591
268567849 1 11399
268567942 2 56455 46646
268567945 3 11399 62518 45074
268567954 3 62599 46337 46646
268567960 4 11399 46390 46640 46608
268567969 3 11318 62599 45089
268567972 3 45191 5174 46640
268568089 4 48199 45123 45126 47239
268568101 4 22599 45123 45126 46727
268568137 5 11330 62534 48199 59410 47239
268568152 5 62534 48192 48199 47120 47239
268568161 5 11329 48198 33863 46625 46727
268568164 4 51264 33862 33863 5255
268568197 5 11318 11335 48263 33862 45122
268568209 5 22598 48263 45121 46646 46663
268568212 6 46215 46400 46406 46646 46663 47152
268568662 4 33796 45191 46724 47188
268568665 4 33812 59524 45191 46676
268568854 2 11267 46471
268568857 1 5255
268568902 2 45191 5202
268568905 3 11399 36946 47122
268568914 2 62465 62599
268568920 2 11280 11399
268568965 3 11399 33846 46418
268568977 2 48263 33846
268568980 3 11399 36918 46640
268569157 5 33863 46215 46406 46674 47170
268569169 4 11329 22598 48263 33863
268569172 4 48263 48192 33862 33863
268570714 5 48263 33925 33924 46596 47124
268570726 6 11268 48165 33925 59524 45191 47140
268570774 5 11399 62596 48261 46596 47156
268570777 5 51333 51335 59524 5140 5172
268570789 6 48165 48261 45191 46628 46644 46724
268570918 4 11301 62467 62597 45191
268570921 3 11301 48263 33925
268570954 3 5253 46727 46610
268570978 5 33793 5253 46471 46625 46629
268570984 4 11399 62501 33925 46608
268571014 2 11397 36999
268571017 3 45074 5253 46727
268571041 4 11301 11397 19489 19591
268571044 4 11301 11312 11397 45191
268571161 5 11335 62531 62533 45189 47239
268571173 6 22599 33829 19591 45123 46725 47173
268571224 6 11333 62528 62535 59525 47120 47239
268571236 6 11397 62599 33829 33863 45120 47173
268571269 5 11335 48197 59527 45122 47237
268571281 5 11333 62529 62535 45191 47237
268571284 6 11335 62528 62533 59527 47152 47237
268571674 5 62467 62599 33924 46596 47124
268571686 5 11268 11396 19459 19591 47140
268571689 4 11399 33924 45076 5156
268571722 5 48146 48263 33924 46596 47124
268571746 6 62497 62599 48260 33793 59396 47140
268571752 5 48144 48263 33924 59412 46628
268571782 4 62599 33924 5124 47156
268571785 5 11396 59410 45076 45191 5172
268571794 5 11399 62465 33924 46596 47156
268571800 6 48144 48176 48263 48260 46612 46644
268571809 5 19489 19591 45092 45108 45188
268571812 5 11316 59527 45104 45188 5156
268571914 3 11282 11399 62467
268571938 4 11297 62465 62599 45059
268571944 2 11280 11399
268572034 2 62465 62599
268572040 4 11280 11312 11399 45074
268572064 3 11312 62497 45191
268572169 5 11335 62530 19523 45074 47239
268572184 5 62531 48192 48199 47120 47239
268572193 5 62529 62535 59459 5153 5255
268572196 4 11335 19523 45120 45191
268572232 6 62528 62535 33858 59410 47120 47239
268572256 5 11335 48192 33857 46625 46727
268572289 4 11335 11399 59458 19521
268572292 5 62535 33856 19522 45191 47152
268572304 5 11335 62529 48192 59527 47152
268572694 5 62467 62599 33796 46724 47188
268572697 4 11399 33812 45188 5204
268572742 5 33796 45138 45191 46724 47188
268572754 5 11265 62599 33796 46724 47188
268572760 5 48144 48263 33812 59524 46676
268572805 5 33844 45138 45191 46676 47236
268572817 4 11399 33844 5204 47236
268572820 5 48176 48263 33844 46676 47236
268572934 3 11267 11346 62599
268572937 3 48263 33874 47122
268572994 3 62465 46471 46674
268573000 4 11399 33874 46608 47122
268573057 2 45138 5255
268573060 3 11312 11399 62546
268573189 5 48195 48263 33863 46674 47170
268573201 4 11331 62529 48263 33863
268573204 4 62531 48192 48263 33863
268573252 5 11346 48263 48192 33863 47170
268573264 4 11329 48192 48263 33863
268574806 6 11268 22663 48231 59524 45189 47204
268574809 6 48231 48263 45189 46612 46692 46724
268574821 7 46469 46471 46373 46439 46628 46692 47236
268574998 5 33795 46469 46471 46691 46695
268575001 4 11367 11399 19555 19589
268575013 5 33829 46435 46439 46725 46727
268575046 3 11367 62599 19589
268575049 4 11367 46469 46727 46610
268575058 4 11367 62465 62599 45189
268575064 4 11280 11367 11399 45189
268575073 5 33895 46369 46373 46725 46727
268575076 4 33829 33895 46725 46727
268575109 3 11397 62567 33927
268575121 3 11367 48261 33927
268575124 4 11397 62567 33927 46640
268575301 6 33895 46213 46402 46405 46727 47175
268575313 6 22597 33895 19589 45121 46727 47175
268575316 6 11399 62597 33861 33895 45120 47175
268575766 7 46435 46439 46339 46471 46596 46724 47204
268575769 6 48231 48263 45155 46612 46692 46724
268575781 6 11300 22631 48263 59492 45155 47236
268575814 5 33895 33927 45188 46596 47204
268575817 6 48146 48231 48263 46612 46692 46724
268575826 6 62465 62567 33927 59524 46596 47204
268575832 6 48144 48231 48263 46612 46692 46724
268575841 6 62497 62599 33895 59492 46628 47236
268575844 5 33895 33927 45156 46628 47236
268575877 5 11316 11367 62564 33924 33927
268575889 5 33927 33924 19556 46644 46695
268575892 6 33927 33924 46180 46384 46644 46695
268576006 4 33795 33927 46691 46695
268576009 4 11282 11367 11399 45155
268576018 5 33927 46337 46339 46691 46695
268576024 4 11399 46435 46695 46608
268576033 4 11399 62497 62567 45155
268576036 3 11399 62567 19555
268576129 2 33927 30823
268576132 3 33927 56423 46640
268576144 3 33927 46695 46640
268576261 6 11367 62563 33859 33927 45122 47175
268576273 6 22595 33927 19555 45121 46695 47175
268576276 6 33927 46179 46400 46403 46695 47175
268576321 5 11399 62529 62567 48194 47175
268576324 5 62567 62599 33856 33858 47175
268576336 5 11367 62529 62599 48192 47175
268576837 6 33895 33892 46212 46418 46676 46727
268576849 5 33895 33892 19588 46676 46727
268576852 5 11348 11399 62596 33892 33895
268577029 4 11363 62599 33895 46674
268577041 3 11399 48227 33895
268577044 3 11363 62599 33895
268577089 3 33895 46727 46674
268577092 3 33895 56455 46674
268577104 2 33895 30855
268583002 4 33924 33925 5124 47124
268583014 5 33829 33925 45188 46596 47140
268583017 5 11284 11301 62500 33924 33925
268583062 5 11396 48182 48261 46596 47156
268583065 5 11396 59446 45108 45189 5140
268583077 6 48165 48182 48261 46628 46644 46724
268583194 2 62467 62597
268583209 2 33925 30757
268583242 2 5253 46610
268583266 4 33793 5253 46625 46629
268583272 3 33925 56357 46608
268583305 3 11397 62482 45110
268583314 3 11318 11397 62465
268583320 4 11280 11312 11397 45110
268583329 4 11301 11318 11397 45089
268583449 4 11333 11397 59462 19523
268583461 5 11397 62531 62501 48198 47173
268583497 5 11282 11333 48261 33858 45126
268583512 5 62533 33856 19526 45189 47120
268583521 6 11301 62497 33857 33925 45126 47173
268583524 5 62501 62597 33856 33862 47173
268583557 5 11334 62530 48197 59446 47237
268583569 5 11333 62534 19521 45110 47237
268583572 6 62528 62533 33862 59446 47152 47237
268583962 4 33924 45059 46596 47124
268583974 4 62467 59396 45188 47140
268583977 3 11284 33924 45092
268584010 4 33810 33924 5124 47124
268584034 5 48260 33793 33825 45060 47140
268584040 4 33808 33924 45076 5156
268584070 4 62596 33846 5124 47156
268584073 5 19474 19510 45076 45108 45188
268584082 5 33924 45057 45110 46596 47156
268584088 6 48260 48144 48176 45110 46612 46644
268584097 5 11316 59425 45092 45110 5252
268584100 5 51248 51254 59444 5156 5252
268584202 2 45059 5138
268584226 3 11297 62465 19459
268584232 1 5136
268584322 2 45057 5174
268584328 4 11280 11312 19474 19510
268584352 3 45089 5168 46646
268584457 4 11282 11330 59459 19526
268584472 4 48192 45123 45126 47120
268584481 4 11329 19523 45089 45126
268584484 3 51264 51270 62531
268584520 5 62534 33856 33858 45074 47120
268584544 4 51270 33856 33857 5153
268584577 4 11318 11334 59457 19522
268584580 5 62530 33856 33862 45110 47152
268584592 5 22598 48192 59446 45121 47152
268584982 4 62467 33796 46724 47188
268584985 3 11396 33812 45140
268585030 4 62468 33874 5252 47188
268585033 5 11284 62548 48260 33874 47122
268585042 4 62465 33796 5252 47188
268585048 4 33808 33812 45188 5204
268585093 5 62546 62516 33846 46676 47236
268585105 4 62518 33844 5204 47236
268585108 5 11318 48176 33844 46676 47236
268585225 2 33874 47122
268585234 2 11267 36865
268585240 1 11280
268585282 2 56321 46674
268585288 3 33874 46608 47122
268585345 2 62518 62546
268585360 2 11312 36918
268585477 4 48195 33862 46674 47170
268585489 3 11329 11331 62534
268585492 3 11334 62531 48192
268585537 4 11329 11346 22598 47170
268585540 4 33856 33862 46674 47170
268585552 3 11334 62529 33856
268587034 5 62467 33925 33924 46596 47124
268587046 6 62467 62501 33925 59524 46596 47140
268587049 5 33925 33924 19492 46612 46629
268587082 5 59524 5253 46084 46354 47124
268587106 7 59524 5253 46113 46373 46337 46596 47140
268587112 6 33924 33925 46116 46352 46612 46629
268587142 4 62597 33924 46596 47156
268587145 5 59524 19508 45074 45189 46612
268587154 5 62465 62597 33924 46596 47156
268587160 6 48144 48176 48261 48260 46612 46644
268587169 6 48165 48261 45089 46628 46644 46724
268587172 6 48165 48176 48261 46628 46644 46724
268587274 3 46339 46469 46610
268587298 5 46081 46339 46469 46625 46629
268587304 3 33925 46629 46608
268587394 2 46337 46725
268587400 4 46354 46608 46640 46725
268587424 4 46369 46629 46640 46725
268587529 5 22594 48261 45123 46610 46661
268587544 5 11333 62531 48192 59525 47120
268587553 6 22593 33925 19489 45123 46629 47173
268587556 5 11301 62531 62597 48192 47173
268587592 6 19589 46144 46402 46610 46661 47120
268587616 6 19589 46113 46400 46401 46629 47173
268587649 4 48197 45121 45122 47237
268587652 5 62530 48192 48197 47152 47237
268587664 5 62529 48192 48197 47152 47237
268588042 5 33924 45059 45074 46596 47124
268588066 6 22529 48161 48260 59396 45059 47140
268588072 4 33924 59412 45072 46628
268588162 4 33924 45057 46596 47156
268588168 6 48144 48176 33924 45074 46612 46644
268588192 5 59444 19588 45089 45104 46628
268588552 5 22594 48192 59410 45123 47120
268588576 4 22593 45120 45123 46625
268588672 4 48192 45121 45122 47152
268589062 5 11268 48131 48210 46724 47188
268589065 5 22610 48260 19540 46612 47122
268589074 5 11265 62468 48131 46724 47188
268589080 4 62480 62484 59524 46676
268589122 5 59524 46418 46593 46596 47188
268589128 6 19588 46164 46352 46418 46612 47122
268589185 4 45138 46644 46676 47236
268589188 5 11316 62512 62546 46676 47236
268589200 4 62512 62516 46676 47236
268589314 3 46595 46593 46674
268589320 3 46162 46608 47122
268589440 2 46418 46640
268589569 4 48195 46657 46674 47170
268589572 4 62528 48195 46674 47170
268589584 3 11329 62528 48195
268589632 4 46400 46657 46674 47170
268591126 6 62563 62597 33795 59396 46724 47204
268591129 5 19555 19589 45076 45156 45188
268591141 6 62563 62597 33829 59428 46692 47236
268591174 4 62597 59524 45060 47204
268591177 5 62564 59412 45074 45189 46724
268591186 5 11268 11396 19457 19589 47204
268591192 5 11284 59525 45072 45188 5220
268591201 6 11364 22565 48261 59428 45089 47236
268591204 5 33829 33925 45092 46692 47236
268591237 4 62597 33924 59444 46692
268591249 4 11397 33924 45108 5220
268591252 5 62596 48176 48261 59444 46692
268591369 3 11282 62597 45155
268591378 4 11363 62467 62597 45057
268591384 3 11280 62563 45189
268591393 4 11397 62501 62563 45089
268591426 2 19457 19589
268591432 3 45189 5138 46608
268591456 3 11397 62501 19489
268591489 1 11397
268591504 2 11312 11397
268591621 5 11331 48194 33861 46691 46725
268591633 5 62531 62533 59457 5219 5253
268591636 5 11333 48192 33859 46691 46725
268591681 4 22597 45121 45122 46725
268591684 4 51264 33858 33861 5253
268591696 4 11333 19521 45120 45189
268592134 5 33795 33891 45060 46724 47204
268592137 5 11284 59491 45074 45156 5252
268592146 6 11396 22531 48227 59396 45057 47204
268592152 5 62596 59412 45072 45155 46692
268592161 5 11300 11364 19489 19555 47236
268592164 4 62563 59492 45092 47236
268592194 4 62465 59396 45188 47204
268592200 5 51216 51218 59412 5220 5252
268592224 4 62497 59428 45156 47236
268592257 3 11316 33924 45156
268592260 4 62596 33840 45108 5220
268592272 4 11396 59444 45104 46692
268592386 3 11363 62467 19457
268592392 3 45155 5136 46610
268592416 2 19489 19555
268592512 1 5168
268592641 4 11331 19521 45122 45155
268592644 4 51266 33856 33859 5219
268592656 4 22595 45120 45121 46691
268592704 3 51264 51266 62529
268593157 5 62564 48210 48227 59476 46724
268593169 4 11363 33892 45140 5252
268593172 4 62563 33892 59476 46724
268593217 4 11364 59476 45138 46724
268593220 4 62564 33874 45140 5252
268593232 3 11348 33892 45188
268593409 2 11346 11363
268593424 1 11363
268593472 1 5202
268599382 5 33796 45174 45189 46724 47220
268599385 5 33812 45174 45189 46708 47236
268599397 6 33829 33828 46212 46454 46708 46725
268599574 3 62467 46469 46710
268599577 2 45174 5253
268599589 3 33829 46725 46710
268599622 2 45189 5238
268599625 3 11397 33810 46454
268599634 3 11265 11382 62597
268599640 3 11280 11397 62582
268599649 4 11297 62597 33829 46710
268599652 3 33829 56453 46710
268599685 3 11397 36982 47158
268599697 3 48261 33910 47158
268599700 4 11397 33910 46640 47158
268599877 5 33861 46213 46402 46710 47174
268599889 5 48193 48261 33861 46710 47174
268599892 5 11382 48261 48192 33861 47174
268600342 5 46212 46454 46595 46596 47220
268600345 4 45174 46612 46708 47236
268600357 4 11300 59508 45174 46724
268600390 4 62468 33910 5252 47220
268600393 5 62582 62484 33810 46708 47236
268600402 5 11268 48129 48246 46724 47220
268600408 5 11284 62480 62582 46708 47236
268600417 5 62500 48161 48246 59508 46724
268600420 4 62500 33910 45172 5252
268600453 5 11316 62580 48260 33910 47158
268600465 5 22646 48260 19572 46644 47158
268600468 6 46196 46212 46384 46454 46644 47158
268600582 2 56323 46710
268600585 2 62482 62582
268600594 3 46593 46595 46710
268600600 2 46454 46608
268600609 2 11297 11382
268600612 1 5238
268600705 2 33910 47158
268600708 3 33910 46640 47158
268600720 3 46454 46640 47158
268600837 4 11331 11382 22594 47174
268600849 4 48193 46659 46710 47174
268600852 4 46400 46659 46710 47174
268600897 4 48193 33858 46710 47174
268600900 4 33856 33858 46710 47174
268600912 4 62528 48193 46710 47174
268601413 5 33876 33908 46212 46418 46454
268601425 4 22646 48260 33908 33876
268601428 4 48260 33876 33908 33910
268601605 2 33910 46418
268601617 1 33910
268601620 1 36982
268601665 2 33874 46454
268601668 2 33874 33910
268601680 1 33910
268603414 5 11267 62597 33796 46724 47220
268603417 4 11397 33812 5236 47236
268603429 5 33829 33828 19588 46708 46725
268603462 4 33796 45189 46724 47220
268603474 5 62465 62597 33796 46724 47220
268603480 5 48144 48261 33812 46708 47236
268603492 5 11380 11397 62596 33828 33829
268603525 4 33844 59524 45189 46708
268603537 4 11397 33844 45188 5236
268603540 5 48176 48261 33844 59524 46708
268603654 2 62467 62597
268603657 2 48261 33810
268603681 3 11397 48161 33829
268603684 2 33829 30853
268603714 2 11265 46469
268603720 3 11397 36882 46608
268603744 3 11297 62597 33829
268603777 1 5253
268603780 2 11312 11397
268603909 4 11331 22594 48261 33861
268603921 4 11329 62531 48261 33861
268603924 4 11331 48192 48261 33861
268603972 4 48261 48192 33858 33861
268603984 4 62529 48192 48261 33861
268604422 4 62467 33796 5252 47220
268604425 4 62482 33812 5236 47236
268604434 5 11267 62468 48129 46724 47220
268604440 4 62480 62484 46708 47236
268604449 4 11297 33828 45172 5252
268604452 3 11380 33828 45188
268604482 4 62465 33796 46724 47220
268604488 5 11282 48144 33812 46708 47236
268604512 4 62497 33828 59508 46724
268604545 3 11396 33844 45172
268604548 4 33840 33844 45188 5236
268604560 4 62512 62516 59524 46708
268604674 2 11265 36867
268604680 2 11280 36882
268604704 1 11297
268604800 1 11312
268604929 3 11329 11331 62530
268604932 3 11330 62531 33856
268604944 3 11331 62528 48193
268604992 3 11330 62529 48192
268605445 4 22610 48260 33876 33908
268605457 3 48260 33876 33908
268605460 3 48260 33908 33876
268605508 4 48260 33874 33876 33908
268605520 3 48260 33876 33908
268605697 1 33874
268605700 1 33874
268605760 1 36946